380.0 0.0 0.0 228.0 0.0 932.0 670.0 180.0 53.1 
251.8 0.0 99.9 146.1 12.4 1006.0 899.8 14.0 33.36 
145.7 172.6 0.0 181.9 3.4 985.8 816.8 28.0 23.74 
331.0 0.0 0.0 192.0 0.0 879.0 825.0 3.0 13.52 
362.6 189.0 0.0 164.9 11.6 944.7 755.8 28.0 71.3 
229.7 0.0 118.2 195.2 6.1 1028.1 757.6 3.0 13.36 
312.7 144.7 0.0 127.3 8.0 999.7 822.2 28.0 44.52 
160.0 128.0 122.0 182.0 6.4 824.0 879.0 28.0 39.4 
252.5 0.0 0.0 185.7 0.0 1111.6 784.3 28.0 19.77 
182.0 45.2 122.0 170.2 8.2 1059.4 780.7 100.0 48.67 
387.0 20.0 94.0 157.0 14.3 938.0 845.0 3.0 22.75 
190.3 0.0 125.2 161.9 9.9 1088.1 802.6 3.0 9.45 
158.4 0.0 194.9 219.7 11.0 897.7 712.9 28.0 8.54 
250.2 166.8 0.0 203.5 0.0 977.6 694.1 90.0 47.71 
393.0 0.0 0.0 192.0 0.0 940.6 785.6 3.0 19.2 
439.0 177.0 0.0 186.0 11.1 884.9 707.9 28.0 66.0 
339.0 0.0 0.0 197.0 0.0 968.0 781.0 180.0 36.45 
218.9 0.0 124.1 158.5 11.3 1078.7 794.9 100.0 46.23 
164.2 0.0 200.1 181.2 12.6 849.3 846.0 28.0 15.09 
312.7 0.0 0.0 178.1 8.0 999.7 822.2 28.0 25.1 
251.4 0.0 118.3 192.9 5.8 1043.6 754.3 28.0 33.27 
152.0 178.0 139.0 168.0 18.0 944.0 695.0 28.0 36.35 
194.7 0.0 100.5 170.2 7.5 998.0 901.8 14.0 24.28 
198.6 132.4 0.0 192.0 0.0 978.4 825.5 7.0 14.64 
200.0 0.0 0.0 180.0 0.0 1125.0 845.0 7.0 7.84 
252.5 0.0 0.0 185.7 0.0 1111.6 784.3 7.0 11.48 
238.2 158.8 0.0 185.7 0.0 1040.6 734.3 28.0 26.91 
332.5 142.5 0.0 228.0 0.0 932.0 594.0 28.0 33.02 
173.0 116.0 0.0 192.0 0.0 946.8 856.8 28.0 24.28 
139.6 209.4 0.0 192.0 0.0 1047.0 806.9 90.0 39.36 
182.0 45.2 122.0 170.2 8.2 1059.4 780.7 14.0 21.5 
522.0 0.0 0.0 146.0 0.0 896.0 896.0 7.0 50.51 
284.0 15.0 141.0 179.0 5.5 842.0 801.0 28.0 43.73 
238.1 0.0 94.1 186.7 7.0 949.9 847.0 100.0 44.3 
198.6 132.4 0.0 192.0 0.0 978.4 825.5 90.0 38.07 
165.0 128.5 132.1 175.1 8.1 1005.8 746.6 3.0 19.42 
272.6 0.0 89.6 198.7 10.6 931.3 762.2 28.0 32.25 
331.0 0.0 0.0 192.0 0.0 978.0 825.0 3.0 13.52 
525.0 0.0 0.0 189.0 0.0 1125.0 613.0 270.0 67.11 
212.6 0.0 100.4 159.4 10.4 1003.8 903.8 14.0 25.37 
331.0 0.0 0.0 192.0 0.0 978.0 825.0 360.0 41.24 
389.9 189.0 0.0 145.9 22.0 944.7 755.8 28.0 74.5 
290.4 0.0 96.2 168.1 9.4 961.2 865.0 100.0 48.97 
424.0 22.0 132.0 168.0 8.9 822.0 750.0 3.0 32.11 
165.0 0.0 143.6 163.8 0.0 1005.6 900.9 56.0 36.56 
160.0 188.0 146.0 203.0 11.0 829.0 710.0 28.0 32.84 
172.4 13.6 172.4 156.8 4.1 1006.3 856.4 28.0 33.69 
251.4 0.0 118.3 192.9 5.8 1043.6 754.3 100.0 40.15 
289.0 133.7 0.0 194.9 5.5 924.1 760.1 28.0 46.25 
318.8 212.5 0.0 155.7 14.3 852.1 880.4 56.0 66.1 
397.0 0.0 0.0 185.7 0.0 1040.6 734.3 28.0 33.08 
475.0 0.0 0.0 228.0 0.0 932.0 594.0 28.0 39.29 
237.5 237.5 0.0 228.0 0.0 932.0 594.0 270.0 38.41 
349.0 0.0 0.0 192.0 0.0 1047.0 806.9 3.0 15.05 
425.0 106.3 0.0 153.5 16.5 852.1 887.1 7.0 49.2 
427.5 47.5 0.0 228.0 0.0 932.0 594.0 180.0 41.84 
212.1 0.0 121.6 180.3 5.7 1057.6 779.3 3.0 12.47 
286.3 200.9 0.0 144.7 11.2 1004.6 803.7 91.0 76.8 
155.6 243.5 0.0 180.3 10.7 1022.0 697.7 28.0 37.36 
528.0 0.0 0.0 185.0 6.9 920.0 720.0 28.0 56.83 
298.0 137.0 107.0 201.0 6.0 878.0 655.0 28.0 53.52 
342.0 38.0 0.0 228.0 0.0 932.0 670.0 365.0 56.14 
380.0 95.0 0.0 228.0 0.0 932.0 594.0 365.0 43.7 
167.0 75.4 167.0 164.0 7.9 1007.3 770.1 3.0 15.52 
322.0 0.0 0.0 203.0 0.0 974.0 800.0 180.0 29.59 
238.0 0.0 0.0 186.0 0.0 1119.0 789.0 28.0 17.54 
296.0 0.0 107.0 221.0 11.0 819.0 778.0 28.0 31.42 
380.0 95.0 0.0 228.0 0.0 932.0 594.0 28.0 36.45 
480.0 0.0 0.0 192.0 0.0 936.2 712.2 7.0 34.57 
277.0 116.8 91.0 190.6 7.0 946.5 665.6 28.0 43.58 
135.7 203.5 0.0 185.7 0.0 1076.2 759.3 7.0 7.51 
277.0 0.0 0.0 191.0 0.0 968.0 856.0 3.0 11.36 
139.6 209.4 0.0 192.0 0.0 1047.0 806.9 28.0 28.24 
168.0 42.1 163.8 121.8 5.7 1058.7 780.1 3.0 7.75 
389.9 189.0 0.0 145.9 22.0 944.7 755.8 3.0 40.6 
156.0 178.0 187.0 221.0 7.0 854.0 614.0 28.0 29.41 
255.3 98.8 77.0 188.6 6.5 919.0 749.3 28.0 33.8 
325.6 166.4 0.0 174.0 8.9 881.6 790.0 28.0 61.24 
380.0 0.0 0.0 228.0 0.0 932.0 670.0 365.0 52.52 
522.0 0.0 0.0 146.0 0.0 896.0 896.0 28.0 74.99 
275.1 0.0 121.4 159.5 9.9 1053.6 777.5 100.0 58.61 
213.7 98.1 24.5 181.7 6.9 1065.8 785.4 3.0 18.0 
339.0 0.0 0.0 197.0 0.0 968.0 781.0 3.0 13.22 
140.0 133.0 103.0 200.0 7.0 916.0 753.0 28.0 36.44 
116.0 173.0 0.0 192.0 0.0 909.8 891.9 3.0 6.28 
387.0 20.0 94.0 157.0 11.6 938.0 845.0 3.0 34.77 
212.5 0.0 100.4 159.3 8.7 1007.8 903.6 100.0 42.92 
333.0 0.0 0.0 192.0 0.0 931.2 842.6 7.0 23.4 
260.0 101.0 78.0 171.0 10.0 936.0 763.0 28.0 49.77 
315.0 137.0 0.0 145.0 5.9 1130.0 745.0 28.0 81.75 
425.0 106.3 0.0 151.4 18.6 936.0 803.7 28.0 61.8 
159.8 250.0 0.0 168.4 12.2 1049.3 688.2 28.0 39.46 
266.0 112.0 87.0 178.0 10.0 910.0 745.0 28.0 39.42 
251.4 0.0 118.3 192.9 5.8 1043.6 754.3 14.0 20.73 
155.0 0.0 143.0 193.0 9.0 1047.0 697.0 28.0 12.46 
133.0 200.0 0.0 192.0 0.0 927.4 839.2 3.0 6.88 
304.0 76.0 0.0 228.0 0.0 932.0 670.0 365.0 55.26 
200.0 200.0 0.0 190.0 0.0 1145.0 660.0 28.0 49.25 
168.0 42.1 163.8 121.8 5.7 1058.7 780.1 100.0 39.23 
213.5 0.0 174.2 159.2 11.7 1043.6 771.9 56.0 51.26 
310.0 0.0 0.0 192.0 0.0 970.0 850.0 7.0 14.99 
349.0 0.0 0.0 192.0 0.0 1056.0 809.0 120.0 40.86 
190.7 0.0 125.4 162.1 7.8 1090.0 804.0 100.0 40.57 
295.7 0.0 95.6 171.5 8.9 955.1 859.2 14.0 35.23 
149.5 236.0 0.0 175.8 12.6 846.8 892.7 28.0 32.96 
374.3 0.0 0.0 190.2 6.7 1013.2 730.4 28.0 39.06 
212.5 0.0 100.4 159.3 8.7 1007.8 903.6 56.0 42.55 
143.7 170.2 132.6 191.6 8.5 814.1 805.3 28.0 29.87 
275.0 0.0 0.0 183.0 0.0 1088.0 808.0 28.0 24.5 
296.0 0.0 106.7 221.4 10.5 819.2 778.4 28.0 31.42 
222.4 0.0 96.7 189.3 4.5 967.1 870.3 28.0 24.89 
255.5 170.3 0.0 185.7 0.0 1026.6 724.3 28.0 32.05 
387.0 20.0 94.0 157.0 14.3 938.0 845.0 28.0 50.24 
183.9 122.6 0.0 203.5 0.0 959.2 800.0 3.0 4.9 
194.7 0.0 100.5 165.6 7.5 1006.4 905.9 28.0 25.72 
333.0 0.0 0.0 192.0 0.0 931.2 842.6 28.0 31.97 
251.4 0.0 118.3 188.5 5.8 1028.4 757.7 56.0 36.97 
288.0 192.0 0.0 192.0 0.0 932.0 717.8 7.0 23.52 
491.0 26.0 123.0 210.0 3.9 882.0 699.0 3.0 25.61 
144.0 136.0 106.0 178.0 7.0 941.0 774.0 28.0 26.14 
231.8 0.0 121.6 174.0 6.7 1056.4 778.5 14.0 26.77 
166.8 250.2 0.0 203.5 0.0 975.6 692.6 28.0 33.95 
310.0 0.0 0.0 192.0 0.0 970.0 850.0 180.0 37.33 
275.0 0.0 0.0 183.0 0.0 1088.0 808.0 7.0 14.2 
425.0 106.3 0.0 153.5 16.5 852.1 887.1 7.0 49.2 
362.6 189.0 0.0 164.9 11.6 944.7 755.8 28.0 71.3 
155.2 183.9 143.2 193.8 9.2 879.6 698.5 28.0 28.99 
382.0 0.0 0.0 186.0 0.0 1047.0 739.0 28.0 37.42 
261.9 110.5 86.1 195.4 5.0 895.2 732.6 28.0 33.72 
249.1 0.0 98.8 158.1 12.8 987.8 889.0 3.0 15.36 
405.0 0.0 0.0 175.0 0.0 1120.0 695.0 28.0 52.3 
382.0 0.0 0.0 185.0 0.0 1047.0 739.0 7.0 24.0 
265.0 111.0 86.0 195.0 6.0 833.0 790.0 28.0 41.54 
238.1 0.0 94.1 186.7 7.0 949.9 847.0 28.0 30.23 
277.0 0.0 0.0 191.0 0.0 968.0 856.0 360.0 33.7 
254.0 0.0 0.0 198.0 0.0 968.0 863.0 90.0 26.94 
277.0 117.0 91.0 191.0 7.0 946.0 666.0 28.0 43.57 
218.9 0.0 124.1 158.5 11.3 1078.7 794.9 28.0 30.22 
318.8 212.5 0.0 155.7 14.3 852.1 880.4 7.0 33.4 
469.0 117.2 0.0 137.8 32.2 852.1 840.5 56.0 69.3 
298.1 0.0 107.5 163.6 12.8 953.2 784.0 28.0 35.87 
255.5 170.3 0.0 185.7 0.0 1026.6 724.3 7.0 17.24 
144.0 15.0 195.0 176.0 6.0 1021.0 709.0 28.0 15.34 
133.0 210.0 0.0 196.0 3.0 949.0 795.0 28.0 31.03 
246.8 0.0 125.1 143.3 12.0 1086.8 800.9 100.0 66.42 
446.0 24.0 79.0 162.0 11.6 967.0 712.0 28.0 44.42 
362.6 189.0 0.0 164.9 11.6 944.7 755.8 7.0 55.9 
266.0 114.0 0.0 228.0 0.0 932.0 670.0 270.0 51.73 
288.0 192.0 0.0 192.0 0.0 932.0 717.8 90.0 50.53 
254.0 0.0 0.0 198.0 0.0 968.0 863.0 180.0 27.63 
424.0 22.0 132.0 168.0 8.9 822.0 750.0 7.0 40.29 
480.0 0.0 0.0 192.0 0.0 936.0 721.0 28.0 43.89 
255.0 0.0 0.0 192.0 0.0 889.8 945.0 28.0 18.75 
237.5 237.5 0.0 228.0 0.0 932.0 594.0 180.0 36.25 
540.0 0.0 0.0 173.0 0.0 1125.0 613.0 90.0 69.66 
229.7 0.0 118.2 195.2 6.1 1028.1 757.6 100.0 40.86 
313.0 0.0 0.0 178.0 8.0 1000.0 822.0 28.0 25.1 
214.9 53.8 121.9 155.6 9.6 1014.3 780.6 100.0 56.63 
375.0 93.8 0.0 126.6 23.4 852.1 992.6 3.0 29.0 
331.0 0.0 0.0 192.0 0.0 978.0 825.0 7.0 16.26 
222.4 0.0 96.7 189.3 4.5 967.1 870.3 56.0 29.45 
218.2 54.6 123.8 140.8 11.9 1075.7 792.7 3.0 27.42 
234.0 156.0 0.0 189.0 5.9 981.0 760.0 28.0 39.3 
272.8 105.1 81.8 209.7 9.0 904.0 679.7 28.0 37.17 
190.0 190.0 0.0 228.0 0.0 932.0 670.0 180.0 46.93 
362.6 189.0 0.0 164.9 11.6 944.7 755.8 7.0 55.9 
132.0 207.0 161.0 179.0 5.0 867.0 736.0 28.0 33.3 
220.8 147.2 0.0 185.7 0.0 1055.0 744.3 28.0 25.75 
362.6 189.0 0.0 164.9 11.6 944.7 755.8 3.0 35.3 
255.0 0.0 0.0 192.0 0.0 889.8 945.0 90.0 21.86 
190.0 190.0 0.0 228.0 0.0 932.0 670.0 90.0 42.33 
108.3 162.4 0.0 203.5 0.0 938.2 849.0 7.0 7.72 
202.0 11.0 141.0 206.0 1.7 942.0 801.0 28.0 21.97 
192.0 288.0 0.0 192.0 0.0 929.8 716.1 3.0 12.79 
297.2 0.0 117.5 174.8 9.5 1022.8 753.5 56.0 51.96 
150.0 236.8 0.0 173.8 11.9 1069.3 674.8 28.0 37.43 
277.1 0.0 97.4 160.6 11.8 973.9 875.6 56.0 51.04 
135.0 0.0 166.0 180.0 10.0 961.0 805.0 28.0 13.29 
213.8 98.1 24.5 181.7 6.7 1066.0 785.5 14.0 17.84 
231.8 0.0 121.6 174.0 6.7 1056.4 778.5 28.0 33.73 
212.0 0.0 124.8 159.0 7.8 1085.4 799.5 28.0 38.5 
297.2 0.0 117.5 174.8 9.5 1022.8 753.5 3.0 21.91 
307.0 0.0 0.0 193.0 0.0 968.0 812.0 3.0 12.54 
212.1 0.0 121.6 180.3 5.7 1057.6 779.3 28.0 24.9 
255.0 0.0 0.0 192.0 0.0 889.8 945.0 7.0 10.22 
349.0 0.0 0.0 192.0 0.0 1047.0 806.0 3.0 14.99 
439.0 177.0 0.0 186.0 11.1 884.9 707.9 7.0 56.1 
153.1 145.0 113.0 178.5 8.0 1001.9 688.7 28.0 25.56 
393.0 0.0 0.0 192.0 0.0 940.0 758.0 90.0 48.79 
295.0 0.0 0.0 185.0 0.0 1069.0 769.0 28.0 25.18 
255.0 99.0 77.0 189.0 6.0 919.0 749.0 28.0 33.8 
362.6 189.0 0.0 164.9 11.6 944.7 755.8 91.0 79.3 
366.0 187.0 0.0 191.3 6.6 824.3 756.9 28.0 65.91 
173.0 116.0 0.0 192.0 0.0 946.8 856.8 7.0 11.39 
218.9 0.0 124.1 158.5 11.3 1078.7 794.9 3.0 15.34 
153.6 144.2 112.3 220.1 10.1 923.2 657.9 28.0 16.5 
500.0 0.0 0.0 140.0 4.0 966.0 853.0 28.0 67.57 
446.0 24.0 79.0 162.0 11.6 967.0 712.0 7.0 52.01 
250.0 0.0 95.7 191.8 5.3 948.9 857.2 100.0 41.16 
475.0 0.0 0.0 228.0 0.0 932.0 594.0 270.0 42.13 
277.1 0.0 97.4 160.6 11.8 973.9 875.6 14.0 41.89 
166.0 259.7 0.0 183.2 12.7 858.8 826.8 28.0 37.92 
166.1 0.0 163.3 176.5 4.5 1058.6 780.1 14.0 25.48 
168.9 42.2 124.3 158.3 10.8 1080.8 796.2 14.0 23.51 
181.4 0.0 167.0 169.6 7.6 1055.6 777.8 14.0 21.6 
172.4 13.6 172.4 156.8 4.1 1006.3 856.4 3.0 21.29 
183.9 122.6 0.0 203.5 0.0 959.2 800.0 28.0 24.05 
525.0 0.0 0.0 189.0 0.0 1125.0 613.0 90.0 58.78 
322.0 0.0 0.0 203.0 0.0 974.0 800.0 28.0 25.18 
425.0 106.3 0.0 153.5 16.5 852.1 887.1 3.0 33.4 
236.0 0.0 0.0 194.0 0.0 968.0 885.0 28.0 18.42 
194.7 0.0 100.5 170.2 7.5 998.0 901.8 28.0 37.27 
236.9 91.7 71.5 246.9 6.0 852.9 695.4 28.0 28.63 
387.0 20.0 94.0 157.0 14.3 938.0 845.0 7.0 36.84 
475.0 0.0 0.0 228.0 0.0 932.0 594.0 365.0 41.93 
425.0 106.3 0.0 151.4 18.6 936.0 803.7 7.0 46.8 
288.4 121.0 0.0 177.4 7.0 907.9 829.5 28.0 42.14 
156.0 243.0 0.0 180.0 11.0 1022.0 698.0 28.0 37.36 
102.0 153.0 0.0 192.0 0.0 887.0 942.0 3.0 4.57 
374.0 189.2 0.0 170.1 10.1 926.1 756.7 28.0 61.09 
381.4 0.0 0.0 185.7 0.0 1104.6 784.3 7.0 14.54 
198.6 132.4 0.0 192.0 0.0 978.4 825.5 28.0 28.02 
236.0 0.0 0.0 193.0 0.0 968.0 885.0 180.0 24.1 
322.0 0.0 116.0 196.0 10.0 818.0 813.0 28.0 31.18 
236.0 157.0 0.0 192.0 0.0 972.6 749.1 28.0 32.88 
331.0 0.0 0.0 192.0 0.0 1025.0 821.0 3.0 14.31 
192.0 288.0 0.0 192.0 0.0 929.8 716.1 7.0 21.48 
531.3 0.0 0.0 141.8 28.2 852.1 893.7 7.0 46.9 
359.0 19.0 141.0 154.0 10.9 942.0 801.0 3.0 23.64 
318.8 212.5 0.0 155.7 14.3 852.1 880.4 3.0 25.2 
251.8 0.0 99.9 146.1 12.4 1006.0 899.8 56.0 44.14 
145.0 116.0 119.0 184.0 5.7 833.0 880.0 28.0 29.16 
145.0 0.0 134.0 181.0 11.0 979.0 812.0 28.0 13.2 
446.0 24.0 79.0 162.0 11.6 967.0 712.0 56.0 56.14 
375.0 93.8 0.0 126.6 23.4 852.1 992.6 91.0 62.5 
153.0 102.0 0.0 192.0 0.0 888.0 943.1 28.0 17.96 
213.7 0.0 174.7 154.8 10.2 1053.5 776.4 3.0 17.57 
190.3 0.0 125.2 161.9 9.9 1088.1 802.6 100.0 40.39 
284.0 15.0 141.0 179.0 5.5 842.0 801.0 3.0 13.4 
252.3 0.0 98.8 146.3 14.2 987.8 889.0 100.0 60.95 
181.4 0.0 167.0 169.6 7.6 1055.6 777.8 100.0 45.37 
239.6 359.4 0.0 185.7 0.0 941.6 664.3 7.0 25.42 
155.0 183.0 0.0 193.0 9.0 1047.0 697.0 28.0 18.28 
233.8 0.0 94.6 197.9 4.6 947.0 852.2 3.0 10.38 
304.0 76.0 0.0 228.0 0.0 932.0 670.0 180.0 50.95 
316.1 210.7 0.0 185.7 0.0 977.0 689.3 28.0 38.7 
318.0 0.0 126.0 210.0 6.0 861.0 737.0 28.0 40.06 
181.4 0.0 167.0 169.6 7.6 1055.6 777.8 3.0 13.62 
165.0 128.5 132.1 175.1 8.1 1005.8 746.6 14.0 33.09 
401.8 94.7 0.0 147.4 11.4 946.8 852.1 7.0 54.1 
355.0 19.0 97.0 145.0 13.1 967.0 871.0 28.0 44.03 
388.6 97.1 0.0 157.9 12.1 852.1 925.7 91.0 57.6 
212.1 0.0 121.6 180.3 5.7 1057.6 779.3 56.0 34.2 
194.7 0.0 100.5 170.2 7.5 998.0 901.8 3.0 12.18 
149.0 117.6 91.7 182.9 7.1 953.4 780.3 28.0 23.52 
525.0 0.0 0.0 189.0 0.0 1125.0 613.0 28.0 55.94 
382.5 0.0 0.0 185.7 0.0 1047.8 739.3 7.0 24.07 
198.6 132.4 0.0 192.0 0.0 978.4 825.5 360.0 44.3 
166.0 260.0 0.0 183.0 13.0 859.0 827.0 28.0 37.91 
184.0 86.0 190.0 213.0 6.0 923.0 623.0 28.0 22.93 
400.0 0.0 0.0 187.0 0.0 1025.0 745.0 28.0 43.7 
167.4 129.9 128.6 175.5 7.8 1006.3 746.6 28.0 41.2 
157.0 236.0 0.0 192.0 0.0 935.4 781.2 90.0 43.38 
491.0 26.0 123.0 210.0 3.9 882.0 699.0 56.0 59.59 
321.3 164.2 0.0 190.5 4.6 870.0 774.0 28.0 57.22 
295.0 0.0 0.0 185.0 0.0 1069.0 769.0 7.0 14.8 
213.5 0.0 174.2 159.2 11.7 1043.6 771.9 3.0 15.61 
393.0 0.0 0.0 192.0 0.0 940.6 785.6 7.0 27.74 
388.6 97.1 0.0 157.9 12.1 852.1 925.7 3.0 28.1 
480.0 0.0 0.0 192.0 0.0 936.2 712.2 28.0 43.94 
388.6 97.1 0.0 157.9 12.1 852.1 925.7 28.0 50.7 
520.0 0.0 0.0 170.0 5.2 855.0 855.0 28.0 60.28 
339.0 0.0 0.0 197.0 0.0 968.0 781.0 365.0 38.89 
192.0 288.0 0.0 192.0 0.0 929.8 716.1 90.0 50.73 
362.6 189.0 0.0 164.9 11.6 944.7 755.8 3.0 35.3 
102.0 153.0 0.0 192.0 0.0 887.0 942.0 7.0 7.68 
250.2 166.8 0.0 203.5 0.0 977.6 694.1 7.0 19.35 
200.0 133.0 0.0 192.0 0.0 965.4 806.2 7.0 17.17 
213.5 0.0 174.2 159.2 11.7 1043.6 771.9 28.0 44.64 
273.0 0.0 90.0 199.0 11.0 931.0 762.0 28.0 32.24 
165.0 128.5 132.1 175.1 8.1 1005.8 746.6 56.0 53.72 
375.0 0.0 0.0 186.0 0.0 1038.0 758.0 7.0 26.06 
332.5 142.5 0.0 228.0 0.0 932.0 594.0 365.0 41.05 
167.4 129.9 128.6 175.5 7.8 1006.3 746.6 56.0 51.72 
376.0 0.0 0.0 214.6 0.0 1003.5 762.4 56.0 36.3 
339.2 0.0 0.0 185.7 0.0 1069.2 754.3 28.0 31.9 
304.0 140.0 0.0 214.0 6.0 895.0 722.0 28.0 33.42 
310.0 0.0 0.0 192.0 0.0 1012.0 830.0 7.0 17.24 
310.0 143.0 0.0 168.0 10.0 914.0 804.0 28.0 45.3 
116.0 173.0 0.0 192.0 0.0 909.8 891.9 28.0 22.35 
229.7 0.0 118.2 195.2 6.1 1028.1 757.6 28.0 24.54 
366.0 187.0 0.0 191.0 7.0 824.0 757.0 28.0 65.91 
154.8 183.4 0.0 193.3 9.1 877.2 867.7 28.0 23.79 
277.1 0.0 97.4 160.6 11.8 973.9 875.6 3.0 23.14 
135.7 203.5 0.0 185.7 0.0 1076.2 759.3 28.0 18.2 
139.6 209.4 0.0 192.0 0.0 1047.0 806.9 7.0 14.59 
251.4 0.0 118.3 188.5 6.4 1028.4 757.7 28.0 32.66 
173.8 93.4 159.9 172.3 9.7 1007.2 746.6 3.0 15.82 
143.0 169.4 142.7 190.7 8.4 967.4 643.5 28.0 29.73 
250.0 0.0 95.7 187.4 5.5 956.9 861.2 3.0 13.82 
385.0 0.0 0.0 186.0 0.0 966.0 763.0 1.0 6.27 
339.2 0.0 0.0 185.7 0.0 1069.2 754.3 7.0 21.18 
182.0 45.2 122.0 170.2 8.2 1059.4 780.7 3.0 7.32 
262.0 111.0 86.0 195.0 5.0 895.0 733.0 28.0 33.72 
337.9 189.0 0.0 174.9 9.5 944.7 755.8 28.0 49.9 
469.0 117.2 0.0 137.8 32.2 852.1 840.5 28.0 66.9 
375.0 93.8 0.0 126.6 23.4 852.1 992.6 28.0 56.7 
233.8 0.0 94.6 197.9 4.6 947.0 852.2 28.0 22.84 
379.5 151.2 0.0 153.9 15.9 1134.3 605.0 3.0 28.6 
323.7 282.8 0.0 183.8 10.3 942.7 659.9 56.0 80.2 
349.0 0.0 0.0 192.0 0.0 1047.0 806.0 360.0 42.13 
310.0 0.0 0.0 192.0 0.0 970.0 850.0 90.0 34.68 
108.3 162.4 0.0 203.5 0.0 938.2 849.0 3.0 2.33 
385.0 0.0 0.0 186.0 0.0 966.0 763.0 28.0 31.35 
288.0 192.0 0.0 192.0 0.0 932.0 717.8 28.0 38.8 
218.2 54.6 123.8 140.8 11.9 1075.7 792.7 28.0 55.51 
336.5 0.0 0.0 181.9 3.4 985.8 816.8 28.0 44.87 
136.0 196.0 98.0 199.0 6.0 847.0 783.0 28.0 26.97 
349.0 0.0 0.0 192.0 0.0 1056.0 809.0 7.0 9.01 
155.0 184.0 143.0 194.0 9.0 880.0 699.0 28.0 28.99 
356.0 0.0 142.0 193.0 11.0 801.0 778.0 28.0 40.87 
388.6 97.1 0.0 157.9 12.1 852.1 925.7 56.0 55.2 
355.9 0.0 141.6 193.3 11.0 801.4 778.4 28.0 40.87 
446.0 24.0 79.0 162.0 11.6 967.0 712.0 56.0 55.25 
304.0 76.0 0.0 228.0 0.0 932.0 670.0 90.0 49.19 
190.7 0.0 125.4 162.1 7.8 1090.0 804.0 14.0 21.06 
166.8 250.2 0.0 203.5 0.0 975.6 692.6 7.0 15.75 
349.0 0.0 0.0 192.0 0.0 1047.0 806.0 90.0 39.49 
237.5 237.5 0.0 228.0 0.0 932.0 594.0 7.0 26.26 
298.2 0.0 107.0 209.7 11.1 879.6 744.2 28.0 31.88 
331.0 0.0 0.0 192.0 0.0 1025.0 821.0 7.0 17.44 
246.8 0.0 125.1 143.3 12.0 1086.8 800.9 28.0 52.5 
362.6 189.0 0.0 164.9 11.6 944.7 755.8 56.0 77.3 
162.0 190.0 148.0 179.0 19.0 838.0 741.0 28.0 33.76 
304.0 76.0 0.0 228.0 0.0 932.0 670.0 28.0 47.81 
313.3 145.0 0.0 178.5 8.0 867.2 824.0 28.0 40.93 
332.5 142.5 0.0 228.0 0.0 932.0 594.0 7.0 30.28 
485.0 0.0 0.0 146.0 0.0 1120.0 800.0 28.0 71.99 
337.9 189.0 0.0 174.9 9.5 944.7 755.8 3.0 24.1 
261.0 100.0 78.0 201.0 9.0 864.0 761.0 28.0 32.4 
290.4 0.0 96.2 168.1 9.4 961.2 865.0 28.0 34.74 
202.0 11.0 141.0 206.0 1.7 942.0 801.0 7.0 15.07 
251.4 0.0 118.3 188.5 6.4 1028.4 757.7 100.0 44.21 
425.0 106.3 0.0 153.5 16.5 852.1 887.1 56.0 64.3 
480.0 0.0 0.0 192.0 0.0 936.0 721.0 3.0 24.39 
238.2 158.8 0.0 185.7 0.0 1040.6 734.3 7.0 15.69 
154.8 0.0 142.8 193.3 9.1 1047.4 696.7 28.0 12.46 
190.3 0.0 125.2 166.6 9.9 1079.0 798.9 14.0 19.42 
251.8 0.0 99.9 146.1 12.4 1006.0 899.8 3.0 21.02 
359.0 19.0 141.0 154.0 10.9 942.0 801.0 28.0 59.49 
212.6 0.0 100.4 159.4 10.4 1003.8 903.8 100.0 47.74 
166.1 0.0 163.3 176.5 4.5 1058.6 780.1 28.0 21.54 
349.0 0.0 0.0 192.0 0.0 1047.0 806.0 7.0 18.13 
342.0 38.0 0.0 228.0 0.0 932.0 670.0 270.0 55.06 
213.7 98.1 24.5 181.7 6.9 1065.8 785.4 14.0 30.39 
425.0 106.3 0.0 153.5 16.5 852.1 887.1 91.0 65.2 
200.0 133.0 0.0 192.0 0.0 965.4 806.2 28.0 30.44 
424.0 22.0 132.0 168.0 8.9 822.0 750.0 56.0 74.36 
250.0 0.0 95.7 187.4 5.5 956.9 861.2 100.0 42.35 
475.0 118.8 0.0 181.1 8.9 852.1 781.5 91.0 74.19 
469.0 117.2 0.0 137.8 32.2 852.1 840.5 7.0 54.9 
339.0 0.0 0.0 185.0 0.0 1069.0 754.0 7.0 21.16 
350.0 0.0 0.0 203.0 0.0 974.0 775.0 180.0 32.72 
297.2 0.0 117.5 174.8 9.5 1022.8 753.5 14.0 36.99 
252.3 0.0 98.8 146.3 14.2 987.8 889.0 56.0 55.83 
266.0 114.0 0.0 228.0 0.0 932.0 670.0 90.0 47.03 
272.8 181.9 0.0 185.7 0.0 1012.4 714.3 28.0 31.38 
230.0 0.0 118.3 195.5 4.6 1029.4 758.6 3.0 10.03 
190.3 0.0 125.2 161.9 9.9 1088.1 802.6 28.0 28.47 
141.9 166.6 129.7 173.5 10.9 882.6 785.3 28.0 44.61 
374.0 189.2 0.0 170.1 10.1 926.1 756.7 3.0 34.4 
154.0 174.0 185.0 228.0 7.0 845.0 612.0 28.0 24.34 
500.0 0.0 0.0 200.0 0.0 1125.0 613.0 90.0 47.22 
249.1 0.0 98.8 158.1 12.8 987.8 889.0 28.0 30.85 
250.0 0.0 0.0 182.0 0.0 1100.0 820.0 7.0 12.73 
139.6 209.4 0.0 192.0 0.0 1047.0 806.9 360.0 44.7 
380.0 95.0 0.0 228.0 0.0 932.0 594.0 90.0 40.56 
300.0 0.0 0.0 184.0 0.0 1075.0 795.0 7.0 15.58 
362.6 189.0 0.0 164.9 11.6 944.7 755.8 91.0 79.3 
214.9 53.8 121.9 155.6 9.6 1014.3 780.6 56.0 53.96 
164.0 0.0 200.0 181.0 13.0 849.0 846.0 28.0 15.09 
525.0 0.0 0.0 189.0 0.0 1125.0 613.0 7.0 42.42 
251.8 0.0 99.9 146.1 12.4 1006.0 899.8 100.0 45.37 
148.1 0.0 182.1 181.4 15.0 838.9 884.3 28.0 15.53 
350.0 0.0 0.0 203.0 0.0 974.0 775.0 14.0 22.53 
251.4 0.0 118.3 188.5 5.8 1028.4 757.7 28.0 29.65 
316.1 210.7 0.0 185.7 0.0 977.0 689.3 7.0 24.44 
173.8 93.4 159.9 172.3 9.7 1007.2 746.6 28.0 37.81 
374.0 189.2 0.0 170.1 10.1 926.1 756.7 7.0 46.2 
173.5 50.1 173.5 164.8 6.5 1006.2 793.5 28.0 38.2 
202.0 11.0 141.0 206.0 1.7 942.0 801.0 3.0 9.85 
362.6 189.0 0.0 164.9 11.6 944.7 755.8 7.0 55.9 
143.0 169.0 143.0 191.0 8.0 967.0 643.0 28.0 29.72 
141.3 212.0 0.0 203.5 0.0 971.8 748.5 90.0 39.66 
277.1 0.0 97.4 160.6 11.8 973.9 875.6 100.0 55.64 
225.0 0.0 0.0 181.0 0.0 1113.0 833.0 7.0 11.17 
140.0 164.0 128.0 237.0 6.0 869.0 656.0 28.0 35.23 
213.7 98.1 24.5 181.7 6.9 1065.8 785.4 100.0 53.9 
297.2 0.0 117.5 174.8 9.5 1022.8 753.5 100.0 56.74 
212.5 0.0 100.4 159.3 8.7 1007.8 903.6 3.0 13.54 
339.0 0.0 0.0 197.0 0.0 968.0 781.0 14.0 27.04 
439.0 177.0 0.0 186.0 11.1 884.9 707.9 3.0 39.3 
182.0 45.2 122.0 170.2 8.2 1059.4 780.7 28.0 31.27 
160.0 250.0 0.0 168.0 12.0 1049.0 688.0 28.0 39.45 
139.6 209.4 0.0 192.0 0.0 1047.0 806.9 3.0 8.06 
424.0 22.0 132.0 178.0 8.5 822.0 750.0 7.0 39.0 
168.9 42.2 124.3 158.3 10.8 1080.8 796.2 100.0 48.15 
218.2 54.6 123.8 140.8 11.9 1075.7 792.7 14.0 35.96 
389.9 189.0 0.0 145.9 22.0 944.7 755.8 56.0 79.4 
279.8 128.9 100.4 172.4 9.5 825.1 804.9 28.0 52.83 
151.0 0.0 184.0 167.0 12.0 991.0 772.0 28.0 15.57 
139.9 132.6 103.3 200.3 7.4 916.0 753.4 28.0 36.44 
500.0 0.0 0.0 200.0 0.0 1125.0 613.0 7.0 33.21 
540.0 0.0 0.0 173.0 0.0 1125.0 613.0 7.0 52.61 
151.8 178.1 138.7 167.5 18.3 944.0 694.6 28.0 36.35 
425.0 106.3 0.0 151.4 18.6 936.0 803.7 3.0 36.3 
165.0 128.5 132.1 175.1 8.1 1005.8 746.6 100.0 55.02 
190.7 0.0 125.4 162.1 7.8 1090.0 804.0 3.0 15.04 
359.0 19.0 141.0 154.0 10.9 942.0 801.0 56.0 66.78 
229.7 0.0 118.2 195.2 6.1 1028.1 757.6 14.0 22.32 
277.2 97.8 24.5 160.7 11.2 1061.7 782.5 3.0 30.45 
200.0 0.0 0.0 180.0 0.0 1125.0 845.0 28.0 12.25 
190.7 0.0 125.4 162.1 7.8 1090.0 804.0 56.0 35.34 
277.2 97.8 24.5 160.7 11.2 1061.7 782.5 100.0 66.95 
379.5 151.2 0.0 153.9 15.9 1134.3 605.0 7.0 47.1 
337.9 189.0 0.0 174.9 9.5 944.7 755.8 56.0 59.89 
277.0 0.0 0.0 191.0 0.0 968.0 856.0 28.0 25.97 
222.4 0.0 96.7 189.3 4.5 967.1 870.3 14.0 24.45 
183.9 122.6 0.0 203.5 0.0 959.2 800.0 7.0 10.79 
376.0 0.0 0.0 214.6 0.0 1003.5 762.4 100.0 43.06 
194.7 0.0 100.5 165.6 7.5 1006.4 905.9 14.0 24.99 
141.3 212.0 0.0 203.5 0.0 971.8 748.5 7.0 10.39 
210.7 316.1 0.0 185.7 0.0 977.0 689.3 7.0 21.82 
168.0 42.1 163.8 121.8 5.7 1058.7 780.1 56.0 32.85 
148.1 0.0 136.6 158.1 16.1 1001.8 830.1 28.0 17.96 
427.5 47.5 0.0 228.0 0.0 932.0 594.0 270.0 43.01 
376.0 0.0 0.0 214.6 0.0 1003.5 762.4 3.0 16.28 
276.4 116.0 90.3 179.6 8.9 870.1 768.3 28.0 44.28 
387.0 20.0 94.0 157.0 13.9 938.0 845.0 7.0 45.9 
166.8 250.2 0.0 203.5 0.0 975.6 692.6 90.0 43.57 
170.3 155.5 0.0 185.7 0.0 1026.6 724.3 7.0 10.73 
313.0 161.0 0.0 178.0 10.0 917.0 759.0 28.0 52.44 
213.5 0.0 174.2 154.6 11.7 1052.3 775.5 14.0 33.7 
322.2 0.0 115.6 196.0 10.4 817.9 813.4 28.0 31.18 
149.0 118.0 92.0 183.0 7.0 953.0 780.0 28.0 23.52 
133.0 200.0 0.0 192.0 0.0 927.4 839.2 7.0 13.66 
350.0 0.0 0.0 186.0 0.0 1050.0 770.0 28.0 34.29 
500.0 0.0 0.0 151.0 9.0 1033.0 655.0 28.0 69.84 
198.6 132.4 0.0 192.0 0.0 978.4 825.5 3.0 9.13 
380.0 95.0 0.0 228.0 0.0 932.0 594.0 270.0 41.15 
362.6 189.0 0.0 164.9 11.6 944.7 755.8 56.0 77.3 
350.0 0.0 0.0 203.0 0.0 974.0 775.0 90.0 31.35 
359.0 19.0 141.0 154.0 10.9 942.0 801.0 7.0 35.75 
251.4 0.0 118.3 188.5 5.8 1028.4 757.7 100.0 43.58 
540.0 0.0 0.0 173.0 0.0 1125.0 613.0 28.0 67.31 
181.9 272.8 0.0 185.7 0.0 1012.4 714.3 7.0 12.37 
225.0 0.0 0.0 181.0 0.0 1113.0 833.0 28.0 17.34 
305.0 0.0 100.0 196.0 10.0 959.0 705.0 28.0 30.12 
213.7 0.0 174.7 154.8 10.2 1053.5 776.4 56.0 46.64 
331.0 0.0 0.0 192.0 0.0 978.0 825.0 28.0 31.45 
194.7 0.0 100.5 170.2 7.5 998.0 901.8 56.0 43.39 
153.0 145.0 113.0 178.0 8.0 867.0 824.0 28.0 26.23 
331.0 0.0 0.0 192.0 0.0 1025.0 821.0 28.0 31.74 
425.0 106.3 0.0 153.5 16.5 852.1 887.1 7.0 49.2 
295.7 0.0 95.6 171.5 8.9 955.1 859.2 56.0 48.72 
166.1 0.0 163.3 176.5 4.5 1058.6 780.1 3.0 10.76 
251.4 0.0 118.3 192.9 5.8 1043.6 754.3 56.0 39.27 
297.8 137.2 106.9 201.3 6.0 878.4 655.3 28.0 53.52 
173.5 50.1 173.5 164.8 6.5 1006.2 793.5 3.0 23.08 
237.0 92.0 71.0 247.0 6.0 853.0 695.0 28.0 28.63 
159.0 209.0 161.0 201.0 7.0 848.0 669.0 28.0 30.88 
296.0 0.0 0.0 192.0 0.0 1085.0 765.0 7.0 14.2 
190.3 0.0 125.2 166.6 9.9 1079.0 798.9 100.0 33.56 
203.5 305.3 0.0 203.5 0.0 963.4 630.0 7.0 19.54 
252.0 0.0 0.0 186.0 0.0 1111.0 784.0 7.0 11.47 
173.5 50.1 173.5 164.8 6.5 1006.2 793.5 100.0 56.06 
284.0 15.0 141.0 179.0 5.5 842.0 801.0 7.0 24.13 
162.0 207.0 172.0 216.0 10.0 822.0 638.0 28.0 39.84 
286.3 200.9 0.0 144.7 11.2 1004.6 803.7 3.0 24.4 
393.0 0.0 0.0 192.0 0.0 940.0 758.0 28.0 39.58 
212.0 141.3 0.0 203.5 0.0 973.4 750.0 90.0 39.7 
520.0 0.0 0.0 175.0 5.2 870.0 805.0 28.0 51.02 
322.0 149.0 0.0 186.0 8.0 951.0 709.0 28.0 52.42 
157.0 236.0 0.0 192.0 0.0 935.4 781.2 3.0 9.69 
102.0 153.0 0.0 192.0 0.0 887.0 942.0 28.0 17.28 
251.4 0.0 118.3 188.5 5.8 1028.4 757.7 14.0 29.93 
172.4 13.6 172.4 156.8 4.1 1006.3 856.4 56.0 35.85 
190.7 0.0 125.4 162.1 7.8 1090.0 804.0 28.0 26.4 
231.8 0.0 121.6 174.0 6.7 1056.4 778.5 100.0 45.84 
190.0 190.0 0.0 228.0 0.0 932.0 670.0 365.0 53.69 
331.0 0.0 0.0 192.0 0.0 1025.0 821.0 90.0 37.91 
218.9 0.0 124.1 158.5 11.3 1078.7 794.9 56.0 37.27 
307.0 0.0 0.0 193.0 0.0 968.0 812.0 365.0 36.15 
212.0 0.0 124.8 159.0 7.8 1085.4 799.5 3.0 19.52 
139.6 209.4 0.0 192.0 0.0 1047.0 806.9 180.0 44.21 
236.0 0.0 0.0 194.0 0.0 968.0 885.0 90.0 21.95 
307.0 0.0 0.0 193.0 0.0 968.0 812.0 90.0 32.92 
334.0 17.6 158.0 189.0 15.3 967.0 633.0 28.0 44.33 
168.9 42.2 124.3 158.3 10.8 1080.8 796.2 56.0 39.15 
186.2 124.1 0.0 185.7 0.0 1083.4 764.3 7.0 8.0 
250.0 180.0 95.0 159.0 9.5 860.0 800.0 28.0 67.87 
531.3 0.0 0.0 141.8 28.2 852.1 893.7 3.0 41.3 
446.0 24.0 79.0 162.0 11.6 967.0 712.0 28.0 51.02 
295.8 0.0 0.0 185.7 0.0 1091.4 769.3 28.0 25.22 
212.1 0.0 121.6 180.3 5.7 1057.6 779.3 100.0 39.61 
193.5 290.2 0.0 185.7 0.0 998.2 704.3 28.0 32.63 
214.9 53.8 121.9 155.6 9.6 1014.3 780.6 14.0 38.6 
333.0 17.5 163.0 167.0 17.9 996.0 652.0 28.0 47.28 
286.3 200.9 0.0 144.7 11.2 1004.6 803.7 7.0 38.0 
203.5 305.3 0.0 203.5 0.0 963.4 630.0 28.0 41.68 
260.9 100.5 78.3 200.6 8.6 864.5 761.5 28.0 32.4 
310.0 0.0 0.0 192.0 0.0 1012.0 830.0 90.0 35.76 
362.6 189.0 0.0 164.9 11.6 944.7 755.8 91.0 79.3 
178.0 129.8 118.6 179.9 3.6 1007.3 746.8 100.0 49.99 
349.0 0.0 0.0 192.0 0.0 1056.0 809.0 90.0 40.66 
310.0 0.0 0.0 192.0 0.0 970.0 850.0 360.0 38.11 
157.0 236.0 0.0 192.0 0.0 935.4 781.2 7.0 16.89 
122.6 183.9 0.0 203.5 0.0 958.2 800.1 7.0 10.35 
212.0 0.0 124.8 159.0 7.8 1085.4 799.5 14.0 31.35 
387.0 20.0 94.0 157.0 13.9 938.0 845.0 56.0 47.97 
296.0 0.0 0.0 186.0 0.0 1090.0 769.0 7.0 18.91 
289.0 134.0 0.0 195.0 6.0 924.0 760.0 28.0 46.24 
339.0 0.0 0.0 197.0 0.0 968.0 781.0 90.0 35.17 
379.5 151.2 0.0 153.9 15.9 1134.3 605.0 56.0 54.9 
362.6 189.0 0.0 164.9 11.6 944.7 755.8 7.0 22.9 
425.0 106.3 0.0 153.5 16.5 852.1 887.1 91.0 65.2 
387.0 20.0 94.0 157.0 13.9 938.0 845.0 3.0 25.51 
475.0 118.8 0.0 181.1 8.9 852.1 781.5 28.0 68.3 
374.0 189.2 0.0 170.1 10.1 926.1 756.7 56.0 63.4 
203.5 135.7 0.0 185.7 0.0 1076.2 759.3 28.0 22.63 
166.8 250.2 0.0 203.5 0.0 975.6 692.6 3.0 6.9 
250.0 0.0 95.7 187.4 5.5 956.9 861.2 28.0 29.22 
250.0 0.0 95.7 191.8 5.3 948.9 857.2 3.0 8.49 
159.0 187.0 0.0 176.0 11.0 990.0 789.0 28.0 32.76 
362.6 189.0 0.0 164.9 11.6 944.7 755.8 91.0 79.3 
168.0 42.1 163.8 121.8 5.7 1058.7 780.1 14.0 17.82 
313.3 0.0 113.0 178.5 8.0 1001.9 688.7 28.0 36.8 
281.0 0.0 0.0 186.0 0.0 1104.0 774.0 28.0 22.44 
446.0 24.0 79.0 162.0 11.6 967.0 712.0 3.0 35.36 
296.0 0.0 0.0 192.0 0.0 1085.0 765.0 90.0 29.39 
213.7 98.1 24.5 181.7 6.9 1065.8 785.4 56.0 50.77 
203.5 305.3 0.0 203.5 0.0 963.4 630.0 90.0 51.86 
304.8 0.0 99.6 196.0 9.8 959.4 705.2 28.0 30.12 
323.7 282.8 0.0 183.8 10.3 942.7 659.9 3.0 28.3 
266.0 114.0 0.0 228.0 0.0 932.0 670.0 28.0 45.85 
277.2 97.8 24.5 160.7 11.2 1061.7 782.5 28.0 63.14 
212.1 0.0 121.6 180.3 5.7 1057.6 779.3 14.0 20.92 
212.0 141.3 0.0 203.5 0.0 973.4 750.0 3.0 6.81 
251.4 0.0 118.3 188.5 6.4 1028.4 757.7 56.0 36.64 
313.3 262.2 0.0 175.5 8.6 1046.9 611.8 91.0 66.6 
162.0 190.1 148.1 178.8 18.8 838.1 741.4 28.0 33.76 
277.0 0.0 0.0 191.0 0.0 968.0 856.0 14.0 21.26 
307.0 0.0 0.0 193.0 0.0 968.0 812.0 180.0 34.49 
287.3 120.5 93.9 187.6 9.2 904.4 695.9 28.0 43.8 
425.0 106.3 0.0 153.5 16.5 852.1 887.1 28.0 60.29 
238.1 0.0 94.1 186.7 7.0 949.9 847.0 56.0 39.59 
158.8 238.2 0.0 185.7 0.0 1040.6 734.3 28.0 21.07 
300.0 0.0 0.0 184.0 0.0 1075.0 795.0 28.0 26.85 
342.0 38.0 0.0 228.0 0.0 932.0 670.0 90.0 50.46 
322.0 0.0 0.0 203.0 0.0 974.0 800.0 14.0 20.77 
288.0 121.0 0.0 177.0 7.0 908.0 829.0 28.0 42.13 
167.0 75.4 167.0 164.0 7.9 1007.3 770.1 28.0 41.41 
157.0 236.0 0.0 192.0 0.0 935.4 781.2 28.0 33.66 
213.5 0.0 174.2 159.2 11.7 1043.6 771.9 14.0 29.59 
382.0 0.0 0.0 186.0 0.0 1047.0 739.0 7.0 24.0 
164.0 163.0 128.0 197.0 8.0 961.0 641.0 28.0 27.23 
136.4 161.6 125.8 171.6 10.4 922.6 764.4 28.0 29.07 
116.0 173.0 0.0 192.0 0.0 909.8 891.9 90.0 31.02 
190.0 190.0 0.0 228.0 0.0 932.0 670.0 270.0 50.66 
531.3 0.0 0.0 141.8 28.2 852.1 893.7 91.0 59.2 
540.0 0.0 0.0 173.0 0.0 1125.0 613.0 270.0 74.17 
382.5 0.0 0.0 185.7 0.0 1047.8 739.3 28.0 37.44 
154.8 183.4 0.0 193.3 9.1 1047.4 696.7 28.0 18.29 
165.0 0.0 150.0 182.0 12.0 1023.0 729.0 28.0 18.03 
155.0 0.0 143.0 193.0 9.0 877.0 868.0 28.0 9.74 
218.2 54.6 123.8 140.8 11.9 1075.7 792.7 56.0 61.99 
313.0 145.0 0.0 178.0 8.0 867.0 824.0 28.0 44.39 
321.0 0.0 128.0 182.0 11.0 870.0 780.0 28.0 37.26 
382.0 0.0 0.0 185.0 0.0 1047.0 739.0 28.0 37.42 
252.3 0.0 98.8 146.3 14.2 987.8 889.0 28.0 50.6 
154.0 144.0 112.0 220.0 10.0 923.0 658.0 28.0 16.5 
540.0 0.0 0.0 173.0 0.0 1125.0 613.0 3.0 41.64 
286.3 200.9 0.0 144.7 11.2 1004.6 803.7 56.0 72.99 
228.0 342.1 0.0 185.7 0.0 955.8 674.3 7.0 21.92 
145.4 0.0 178.9 201.7 7.8 824.0 868.7 28.0 10.54 
108.3 162.4 0.0 203.5 0.0 938.2 849.0 28.0 20.59 
152.6 238.7 0.0 200.0 6.3 1001.8 683.9 28.0 26.86 
380.0 95.0 0.0 228.0 0.0 932.0 594.0 180.0 40.76 
133.1 210.2 0.0 195.7 3.1 949.4 795.3 28.0 28.94 
233.8 0.0 94.6 197.9 4.6 947.0 852.2 14.0 22.14 
178.0 129.8 118.6 179.9 3.6 1007.3 746.8 28.0 39.16 
254.0 0.0 0.0 198.0 0.0 968.0 863.0 365.0 29.79 
266.2 112.3 87.5 177.9 10.4 909.7 744.5 28.0 39.42 
285.0 190.0 0.0 163.0 7.6 1031.0 685.0 28.0 53.58 
250.0 0.0 95.7 187.4 5.5 956.9 861.2 14.0 24.92 
397.0 17.2 158.0 167.0 20.8 967.0 633.0 28.0 55.65 
213.5 0.0 174.2 154.6 11.7 1052.3 775.5 56.0 51.43 
153.0 145.0 0.0 178.0 8.0 1000.0 822.0 28.0 19.01 
310.0 0.0 0.0 192.0 0.0 971.0 850.6 3.0 9.87 
491.0 26.0 123.0 201.0 3.9 822.0 699.0 56.0 61.86 
375.0 93.8 0.0 126.6 23.4 852.1 992.6 7.0 45.7 
425.0 106.3 0.0 151.4 18.6 936.0 803.7 91.0 66.7 
236.0 0.0 0.0 193.0 0.0 968.0 885.0 365.0 25.08 
349.0 0.0 0.0 192.0 0.0 1047.0 806.0 180.0 41.05 
141.3 212.0 0.0 203.5 0.0 971.8 748.5 28.0 29.89 
303.6 139.9 0.0 213.5 6.2 895.5 722.5 28.0 33.42 
385.0 0.0 0.0 186.0 0.0 966.0 763.0 14.0 27.92 
148.0 0.0 182.0 181.0 15.0 839.0 884.0 28.0 15.52 
323.7 282.8 0.0 183.8 10.3 942.7 659.9 7.0 49.8 
387.0 20.0 94.0 157.0 13.9 938.0 845.0 28.0 46.68 
439.0 177.0 0.0 186.0 11.1 884.9 707.9 91.0 73.3 
166.1 0.0 163.3 176.5 4.5 1058.6 780.1 100.0 33.54 
236.0 157.0 0.0 192.0 0.0 972.6 749.1 7.0 20.42 
387.0 20.0 94.0 157.0 14.3 938.0 845.0 56.0 56.34 
425.0 106.3 0.0 153.5 16.5 852.1 887.1 3.0 33.4 
280.0 129.0 100.0 172.0 9.0 825.0 805.0 28.0 52.82 
170.3 155.5 0.0 185.7 0.0 1026.6 724.3 28.0 25.73 
218.9 0.0 124.1 158.5 11.3 1078.7 794.9 14.0 26.05 
313.0 145.0 0.0 178.0 8.0 1002.0 689.0 28.0 41.05 
424.0 22.0 132.0 178.0 8.5 822.0 750.0 56.0 65.7 
183.9 122.6 0.0 203.5 0.0 959.2 800.0 90.0 32.53 
264.5 111.0 86.5 195.5 5.9 832.6 790.4 28.0 41.54 
220.8 147.2 0.0 185.7 0.0 1055.0 744.3 7.0 13.09 
446.0 24.0 79.0 162.0 11.6 967.0 712.0 28.0 57.03 
310.0 143.0 111.0 168.0 22.0 914.0 651.0 28.0 33.69 
525.0 0.0 0.0 189.0 0.0 1125.0 613.0 180.0 61.92 
172.4 13.6 172.4 156.8 4.1 1006.3 856.4 100.0 37.68 
425.0 106.3 0.0 153.5 16.5 852.1 887.1 56.0 64.3 
249.1 0.0 98.8 158.1 12.8 987.8 889.0 100.0 51.06 
289.0 0.0 0.0 192.0 0.0 913.2 895.3 28.0 25.57 
233.8 0.0 94.6 197.9 4.6 947.0 852.2 100.0 34.56 
165.0 0.0 143.6 163.8 0.0 1005.6 900.9 14.0 16.88 
331.0 170.0 0.0 195.0 8.0 811.0 802.0 28.0 56.61 
158.6 148.9 116.0 175.1 15.0 953.3 719.7 28.0 27.68 
275.1 0.0 121.4 159.5 9.9 1053.6 777.5 56.0 56.85 
355.0 19.0 97.0 145.0 12.3 967.0 871.0 28.0 55.45 
250.0 0.0 95.7 187.4 5.5 956.9 861.2 56.0 38.33 
362.6 189.0 0.0 164.9 11.6 944.7 755.8 3.0 35.3 
331.0 0.0 0.0 192.0 0.0 978.0 825.0 90.0 37.23 
313.3 262.2 0.0 175.5 8.6 1046.9 611.8 56.0 64.9 
310.0 142.8 0.0 167.9 10.0 914.3 804.0 28.0 45.3 
141.3 212.0 0.0 203.5 0.0 971.8 748.5 3.0 4.83 
160.2 188.0 146.4 203.2 11.3 828.7 709.7 28.0 35.31 
165.0 0.0 143.6 163.8 0.0 1005.6 900.9 28.0 26.2 
250.0 0.0 95.7 191.8 5.3 948.9 857.2 28.0 27.22 
238.0 0.0 0.0 185.0 0.0 1118.0 789.0 28.0 17.54 
277.2 97.8 24.5 160.7 11.2 1061.7 782.5 14.0 47.71 
475.0 0.0 0.0 228.0 0.0 932.0 594.0 180.0 42.62 
314.0 0.0 113.0 170.0 10.0 925.0 783.0 28.0 38.46 
401.8 94.7 0.0 147.4 11.4 946.8 852.1 3.0 41.1 
132.0 206.5 160.9 178.9 5.5 866.9 735.6 28.0 33.31 
362.6 189.0 0.0 164.9 11.6 944.7 755.8 3.0 35.3 
446.0 24.0 79.0 162.0 10.3 967.0 712.0 28.0 53.39 
213.7 0.0 174.7 154.8 10.2 1053.5 776.4 28.0 40.15 
198.6 132.4 0.0 192.0 0.0 978.4 825.5 180.0 41.72 
108.3 162.4 0.0 203.5 0.0 938.2 849.0 90.0 29.23 
134.7 0.0 165.7 180.2 10.0 961.0 804.9 28.0 13.29 
330.5 169.6 0.0 194.9 8.1 811.0 802.3 28.0 56.62 
238.0 0.0 0.0 186.0 0.0 1119.0 789.0 7.0 12.05 
516.0 0.0 0.0 162.0 8.3 801.0 802.0 28.0 41.37 
436.0 0.0 0.0 218.0 0.0 838.4 719.7 28.0 23.85 
146.5 114.6 89.3 201.9 8.8 860.0 829.5 28.0 19.99 
290.2 193.5 0.0 185.7 0.0 998.2 704.3 28.0 33.04 
133.0 200.0 0.0 192.0 0.0 927.4 839.2 90.0 36.59 
153.0 102.0 0.0 192.0 0.0 888.0 943.1 90.0 26.32 
250.0 0.0 95.7 191.8 5.3 948.9 857.2 14.0 24.66 
469.0 117.2 0.0 137.8 32.2 852.1 840.5 91.0 70.7 
266.0 114.0 0.0 228.0 0.0 932.0 670.0 365.0 52.91 
500.0 0.0 0.0 200.0 0.0 1125.0 613.0 3.0 26.06 
212.5 0.0 100.4 159.3 8.7 1007.8 903.6 28.0 31.64 
213.8 98.1 24.5 181.7 6.7 1066.0 785.5 100.0 49.97 
451.0 0.0 0.0 165.0 11.3 1030.0 745.0 28.0 78.8 
173.8 93.4 159.9 172.3 9.7 1007.2 746.6 14.0 29.55 
425.0 106.3 0.0 151.4 18.6 936.0 803.7 56.0 64.9 
222.4 0.0 96.7 189.3 4.5 967.1 870.3 100.0 40.71 
172.4 13.6 172.4 156.8 4.1 1006.3 856.4 14.0 29.75 
425.0 106.3 0.0 153.5 16.5 852.1 887.1 56.0 64.3 
168.9 42.2 124.3 158.3 10.8 1080.8 796.2 28.0 31.12 
135.0 105.0 193.0 196.0 6.0 965.0 643.0 28.0 21.91 
388.6 97.1 0.0 157.9 12.1 852.1 925.7 7.0 34.9 
167.0 187.0 195.0 185.0 7.0 898.0 636.0 28.0 23.89 
446.0 24.0 79.0 162.0 11.6 967.0 712.0 56.0 61.07 
297.2 0.0 117.5 174.8 9.5 1022.8 753.5 28.0 47.4 
194.7 0.0 100.5 170.2 7.5 998.0 901.8 100.0 44.28 
252.3 0.0 98.8 146.3 14.2 987.8 889.0 14.0 42.29 
531.3 0.0 0.0 141.8 28.2 852.1 893.7 56.0 58.8 
153.0 102.0 0.0 192.0 0.0 888.0 943.1 7.0 8.37 
213.8 98.1 24.5 181.7 6.7 1066.0 785.5 3.0 13.18 
251.4 0.0 118.3 188.5 6.4 1028.4 757.7 3.0 13.12 
381.4 0.0 0.0 185.7 0.0 1104.6 784.3 28.0 22.49 
249.1 0.0 98.8 158.1 12.8 987.8 889.0 56.0 42.03 
284.0 120.0 0.0 168.0 7.0 970.0 794.0 28.0 40.93 
540.0 0.0 0.0 173.0 0.0 1125.0 613.0 180.0 71.62 
162.0 214.0 164.0 202.0 10.0 820.0 680.0 28.0 30.65 
230.0 0.0 118.3 195.5 4.6 1029.4 758.6 56.0 31.54 
401.8 94.7 0.0 147.4 11.4 946.8 852.1 28.0 68.5 
194.7 0.0 100.5 165.6 7.5 1006.4 905.9 56.0 33.96 
304.0 76.0 0.0 228.0 0.0 932.0 670.0 270.0 54.38 
314.0 145.3 113.2 178.9 8.0 869.1 690.2 28.0 46.23 
181.4 0.0 167.0 169.6 7.6 1055.6 777.8 28.0 27.77 
165.0 128.5 132.1 175.1 8.1 1005.8 746.6 28.0 46.39 
305.3 203.5 0.0 203.5 0.0 965.4 631.0 90.0 54.6 
310.0 0.0 0.0 192.0 0.0 1012.0 830.0 3.0 11.85 
475.0 0.0 0.0 162.0 9.5 1044.0 662.0 28.0 58.52 
305.3 203.5 0.0 203.5 0.0 965.4 631.0 28.0 43.38 
531.3 0.0 0.0 141.8 28.2 852.1 893.7 28.0 56.4 
491.0 26.0 123.0 201.0 3.9 822.0 699.0 7.0 37.92 
380.0 0.0 0.0 228.0 0.0 932.0 670.0 270.0 53.3 
143.6 0.0 174.9 158.4 17.9 942.7 844.5 28.0 15.42 
158.8 238.2 0.0 185.7 0.0 1040.6 734.3 7.0 9.62 
425.0 106.3 0.0 153.5 16.5 852.1 887.1 3.0 33.4 
236.0 0.0 0.0 194.0 0.0 968.0 885.0 3.0 6.47 
275.1 0.0 121.4 159.5 9.9 1053.6 777.5 28.0 51.33 
424.0 22.0 132.0 178.0 8.5 822.0 750.0 28.0 62.05 
190.3 0.0 125.2 161.9 9.9 1088.1 802.6 14.0 22.72 
397.0 0.0 0.0 185.0 0.0 1040.0 734.0 28.0 39.09 
213.7 0.0 174.7 154.8 10.2 1053.5 776.4 100.0 50.08 
147.0 115.0 89.0 202.0 9.0 860.0 829.0 28.0 19.99 
359.0 19.0 141.0 154.0 10.9 942.0 801.0 56.0 68.75 
480.0 0.0 0.0 192.0 0.0 936.0 721.0 90.0 54.28 
349.0 0.0 0.0 192.0 0.0 1056.0 809.0 3.0 15.87 
