231.8 0.0 121.6 174.0 6.7 1056.4 778.5 100.0 45.84 
500.0 0.0 0.0 200.0 0.0 1125.0 613.0 14.0 36.94 
302.0 0.0 0.0 203.0 0.0 974.0 817.0 180.0 26.74 
393.0 0.0 0.0 192.0 0.0 940.6 785.6 3.0 19.2 
139.6 209.4 0.0 192.0 0.0 1047.0 806.9 7.0 14.59 
295.7 0.0 95.6 171.5 8.9 955.1 859.2 28.0 39.94 
362.6 189.0 0.0 164.9 11.6 944.7 755.8 7.0 55.9 
250.0 0.0 95.7 187.4 5.5 956.9 861.2 28.0 29.22 
252.1 97.1 75.6 193.8 8.3 835.5 821.4 28.0 33.4 
151.0 0.0 185.0 167.0 16.0 1074.0 678.0 28.0 13.46 
277.0 0.0 0.0 191.0 0.0 968.0 856.0 3.0 11.36 
427.5 47.5 0.0 228.0 0.0 932.0 594.0 270.0 43.01 
190.0 190.0 0.0 228.0 0.0 932.0 670.0 270.0 50.66 
155.0 0.0 143.0 193.0 9.0 877.0 868.0 28.0 9.74 
194.7 0.0 100.5 165.6 7.5 1006.4 905.9 100.0 37.34 
108.3 162.4 0.0 203.5 0.0 938.2 849.0 7.0 7.72 
450.1 50.0 0.0 200.0 3.0 1124.4 613.2 28.0 39.38 
165.0 128.5 132.1 175.1 8.1 1005.8 746.6 14.0 33.09 
326.0 0.0 138.0 199.0 11.0 801.0 792.0 28.0 40.68 
281.0 0.0 0.0 186.0 0.0 1104.0 774.0 7.0 14.5 
425.0 106.3 0.0 151.4 18.6 936.0 803.7 7.0 46.8 
277.1 0.0 97.4 160.6 11.8 973.9 875.6 28.0 48.28 
330.5 169.6 0.0 194.9 8.1 811.0 802.3 28.0 56.62 
277.0 0.0 0.0 191.0 0.0 968.0 856.0 360.0 33.7 
425.0 106.3 0.0 153.5 16.5 852.1 887.1 91.0 65.2 
168.9 42.2 124.3 158.3 10.8 1080.8 796.2 100.0 48.15 
310.0 142.8 0.0 167.9 10.0 914.3 804.0 28.0 45.3 
108.3 162.4 0.0 203.5 0.0 938.2 849.0 3.0 2.33 
152.6 238.7 0.0 200.0 6.3 1001.8 683.9 28.0 26.86 
250.0 0.0 95.7 187.4 5.5 956.9 861.2 14.0 24.92 
194.7 0.0 100.5 165.6 7.5 1006.4 905.9 14.0 24.99 
307.0 0.0 0.0 193.0 0.0 968.0 812.0 365.0 36.15 
362.6 189.0 0.0 164.9 11.6 944.7 755.8 3.0 35.3 
194.7 0.0 100.5 170.2 7.5 998.0 901.8 100.0 44.28 
397.0 0.0 0.0 185.7 0.0 1040.6 734.3 28.0 33.08 
250.0 0.0 95.7 191.8 5.3 948.9 857.2 3.0 8.49 
297.2 0.0 117.5 174.8 9.5 1022.8 753.5 3.0 21.91 
251.4 0.0 118.3 188.5 5.8 1028.4 757.7 14.0 29.93 
286.3 200.9 0.0 144.7 11.2 1004.6 803.7 56.0 72.99 
425.0 106.3 0.0 153.5 16.5 852.1 887.1 28.0 60.29 
143.7 170.2 132.6 191.6 8.5 814.1 805.3 28.0 29.87 
162.0 207.0 172.0 216.0 10.0 822.0 638.0 28.0 39.84 
230.0 0.0 118.3 195.5 4.6 1029.4 758.6 14.0 20.08 
170.3 155.5 0.0 185.7 0.0 1026.6 724.3 7.0 10.73 
323.7 282.8 0.0 183.8 10.3 942.7 659.9 7.0 49.8 
314.0 145.3 113.2 178.9 8.0 869.1 690.2 28.0 46.23 
265.0 111.0 86.0 195.0 6.0 833.0 790.0 28.0 41.54 
237.5 237.5 0.0 228.0 0.0 932.0 594.0 365.0 39.0 
213.5 0.0 174.2 154.6 11.7 1052.3 775.5 3.0 17.37 
236.9 91.7 71.5 246.9 6.0 852.9 695.4 28.0 28.63 
122.6 183.9 0.0 203.5 0.0 958.2 800.1 28.0 24.29 
236.0 157.0 0.0 192.0 0.0 972.6 749.1 7.0 20.42 
525.0 0.0 0.0 189.0 0.0 1125.0 613.0 270.0 67.11 
173.0 116.0 0.0 192.0 0.0 946.8 856.8 3.0 6.94 
300.0 0.0 120.0 212.0 10.0 878.0 728.0 28.0 23.84 
238.0 0.0 0.0 186.0 0.0 1119.0 789.0 28.0 17.54 
393.0 0.0 0.0 192.0 0.0 940.0 758.0 28.0 39.58 
387.0 20.0 94.0 157.0 11.6 938.0 845.0 3.0 34.77 
181.9 272.8 0.0 185.7 0.0 1012.4 714.3 7.0 12.37 
212.1 0.0 121.6 180.3 5.7 1057.6 779.3 14.0 20.92 
173.5 50.1 173.5 164.8 6.5 1006.2 793.5 3.0 23.08 
233.8 0.0 94.6 197.9 4.6 947.0 852.2 56.0 27.66 
213.7 0.0 174.7 154.8 10.2 1053.5 776.4 28.0 40.15 
143.6 0.0 174.9 158.4 17.9 942.7 844.5 28.0 15.42 
173.0 116.0 0.0 192.0 0.0 946.8 856.8 7.0 11.39 
425.0 106.3 0.0 153.5 16.5 852.1 887.1 7.0 49.2 
166.1 0.0 163.3 176.5 4.5 1058.6 780.1 100.0 33.54 
350.0 0.0 0.0 186.0 0.0 1050.0 770.0 7.0 20.28 
230.0 0.0 118.3 195.5 4.6 1029.4 758.6 3.0 10.03 
246.8 0.0 125.1 143.3 12.0 1086.8 800.9 56.0 60.32 
166.8 250.2 0.0 203.5 0.0 975.6 692.6 90.0 43.57 
172.4 13.6 172.4 156.8 4.1 1006.3 856.4 100.0 37.68 
190.3 0.0 125.2 161.9 9.9 1088.1 802.6 14.0 22.72 
362.6 189.0 0.0 164.9 11.6 944.7 755.8 28.0 71.3 
213.8 98.1 24.5 181.7 6.7 1066.0 785.5 14.0 17.84 
446.0 24.0 79.0 162.0 11.6 967.0 712.0 56.0 55.25 
342.0 38.0 0.0 228.0 0.0 932.0 670.0 365.0 56.14 
389.9 189.0 0.0 145.9 22.0 944.7 755.8 56.0 79.4 
290.2 193.5 0.0 185.7 0.0 998.2 704.3 7.0 21.86 
475.0 118.8 0.0 181.1 8.9 852.1 781.5 3.0 37.8 
218.2 54.6 123.8 140.8 11.9 1075.7 792.7 100.0 63.53 
160.0 128.0 122.0 182.0 6.4 824.0 879.0 28.0 39.4 
173.8 93.4 159.9 172.3 9.7 1007.2 746.6 14.0 29.55 
332.5 142.5 0.0 228.0 0.0 932.0 594.0 90.0 37.72 
262.0 111.0 86.0 195.0 5.0 895.0 733.0 28.0 33.72 
339.0 0.0 0.0 185.0 0.0 1069.0 754.0 7.0 21.16 
152.7 144.7 0.0 178.1 8.0 999.7 822.2 28.0 19.01 
218.2 54.6 123.8 140.8 11.9 1075.7 792.7 56.0 61.99 
220.8 147.2 0.0 185.7 0.0 1055.0 744.3 28.0 25.75 
213.7 98.1 24.5 181.7 6.9 1065.8 785.4 3.0 18.0 
475.0 118.8 0.0 181.1 8.9 852.1 781.5 91.0 74.19 
520.0 0.0 0.0 170.0 5.2 855.0 855.0 28.0 60.28 
362.6 189.0 0.0 164.9 11.6 944.7 755.8 91.0 79.3 
183.9 122.6 0.0 203.5 0.0 959.2 800.0 7.0 10.79 
296.0 0.0 0.0 186.0 0.0 1090.0 769.0 7.0 18.91 
272.8 105.1 81.8 209.7 9.0 904.0 679.7 28.0 37.17 
252.3 0.0 98.8 146.3 14.2 987.8 889.0 28.0 50.6 
233.8 0.0 94.6 197.9 4.6 947.0 852.2 3.0 10.38 
295.0 0.0 0.0 185.0 0.0 1069.0 769.0 28.0 25.18 
164.6 0.0 150.4 181.6 11.7 1023.3 728.9 28.0 18.03 
218.9 0.0 124.1 158.5 11.3 1078.7 794.9 28.0 30.22 
254.0 0.0 0.0 198.0 0.0 968.0 863.0 180.0 27.63 
190.0 190.0 0.0 228.0 0.0 932.0 670.0 180.0 46.93 
540.0 0.0 0.0 173.0 0.0 1125.0 613.0 90.0 69.66 
424.0 22.0 132.0 178.0 8.5 822.0 750.0 7.0 39.0 
284.0 15.0 141.0 179.0 5.5 842.0 801.0 3.0 13.4 
157.0 236.0 0.0 192.0 0.0 935.4 781.2 3.0 9.69 
424.0 22.0 132.0 168.0 8.9 822.0 750.0 3.0 32.11 
446.0 24.0 79.0 162.0 11.6 967.0 712.0 56.0 56.14 
251.4 0.0 118.3 192.9 5.8 1043.6 754.3 100.0 40.15 
231.8 0.0 121.6 174.0 6.7 1056.4 778.5 56.0 42.7 
145.0 116.0 119.0 184.0 5.7 833.0 880.0 28.0 29.16 
298.0 0.0 107.0 210.0 11.0 880.0 744.0 28.0 31.87 
350.0 0.0 0.0 203.0 0.0 974.0 775.0 28.0 27.34 
388.6 97.1 0.0 157.9 12.1 852.1 925.7 3.0 28.1 
374.0 189.2 0.0 170.1 10.1 926.1 756.7 7.0 46.2 
381.4 0.0 0.0 185.7 0.0 1104.6 784.3 7.0 14.54 
212.0 0.0 124.8 159.0 7.8 1085.4 799.5 100.0 47.82 
339.2 0.0 0.0 185.7 0.0 1069.2 754.3 28.0 31.9 
160.0 188.0 146.0 203.0 11.0 829.0 710.0 28.0 32.84 
322.0 0.0 0.0 203.0 0.0 974.0 800.0 14.0 20.77 
275.0 180.0 120.0 162.0 10.4 830.0 765.0 28.0 76.24 
198.6 132.4 0.0 192.0 0.0 978.4 825.5 90.0 38.07 
349.0 0.0 0.0 192.0 0.0 1047.0 806.0 90.0 39.49 
491.0 26.0 123.0 210.0 3.9 882.0 699.0 56.0 59.59 
200.0 0.0 0.0 180.0 0.0 1125.0 845.0 28.0 12.25 
446.0 24.0 79.0 162.0 11.6 967.0 712.0 56.0 61.07 
266.0 114.0 0.0 228.0 0.0 932.0 670.0 28.0 45.85 
425.0 106.3 0.0 153.5 16.5 852.1 887.1 28.0 60.29 
153.0 145.0 0.0 178.0 8.0 1000.0 822.0 28.0 19.01 
252.5 0.0 0.0 185.7 0.0 1111.6 784.3 7.0 11.48 
520.0 0.0 0.0 175.0 5.2 870.0 805.0 28.0 51.02 
153.0 239.0 0.0 200.0 6.0 1002.0 684.0 28.0 26.86 
379.5 151.2 0.0 153.9 15.9 1134.3 605.0 7.0 47.1 
362.6 189.0 0.0 164.9 11.6 944.7 755.8 3.0 35.3 
401.8 94.7 0.0 147.4 11.4 946.8 852.1 7.0 54.1 
194.7 0.0 100.5 165.6 7.5 1006.4 905.9 3.0 12.45 
376.0 0.0 0.0 214.6 0.0 1003.5 762.4 14.0 25.62 
172.4 13.6 172.4 156.8 4.1 1006.3 856.4 3.0 21.29 
181.4 0.0 167.0 169.6 7.6 1055.6 777.8 56.0 35.57 
425.0 106.3 0.0 153.5 16.5 852.1 887.1 56.0 64.3 
522.0 0.0 0.0 146.0 0.0 896.0 896.0 28.0 74.99 
168.9 42.2 124.3 158.3 10.8 1080.8 796.2 28.0 31.12 
255.0 0.0 0.0 192.0 0.0 889.8 945.0 3.0 8.2 
272.8 181.9 0.0 185.7 0.0 1012.4 714.3 7.0 19.77 
305.3 203.5 0.0 203.5 0.0 965.4 631.0 28.0 43.38 
212.0 0.0 124.8 159.0 7.8 1085.4 799.5 28.0 38.5 
313.0 161.0 0.0 178.0 10.0 917.0 759.0 28.0 52.44 
173.8 93.4 159.9 172.3 9.7 1007.2 746.6 100.0 50.94 
237.5 237.5 0.0 228.0 0.0 932.0 594.0 28.0 30.08 
233.8 0.0 94.6 197.9 4.6 947.0 852.2 100.0 34.56 
297.2 0.0 117.5 174.8 9.5 1022.8 753.5 14.0 36.99 
166.8 250.2 0.0 203.5 0.0 975.6 692.6 28.0 33.95 
218.9 0.0 124.1 158.5 11.3 1078.7 794.9 56.0 37.27 
154.8 0.0 142.8 193.3 9.1 877.2 867.7 28.0 9.74 
350.0 0.0 0.0 203.0 0.0 974.0 775.0 56.0 29.98 
540.0 0.0 0.0 162.0 2.5 1040.0 676.0 28.0 79.99 
212.5 0.0 100.4 159.3 8.7 1007.8 903.6 14.0 26.31 
272.8 181.9 0.0 185.7 0.0 1012.4 714.3 28.0 31.38 
313.0 0.0 113.0 178.0 8.0 1002.0 689.0 28.0 36.8 
333.0 0.0 0.0 192.0 0.0 931.2 842.6 7.0 23.4 
254.0 0.0 0.0 198.0 0.0 968.0 863.0 90.0 26.94 
425.0 106.3 0.0 153.5 16.5 852.1 887.1 56.0 64.3 
310.0 0.0 0.0 192.0 0.0 970.0 850.0 28.0 27.92 
145.9 230.5 0.0 202.5 3.4 827.0 871.8 28.0 32.72 
159.0 149.0 116.0 175.0 15.0 953.0 720.0 28.0 27.68 
233.8 0.0 94.6 197.9 4.6 947.0 852.2 14.0 22.14 
145.0 0.0 134.0 181.0 11.0 979.0 812.0 28.0 13.2 
166.8 250.2 0.0 203.5 0.0 975.6 692.6 3.0 6.9 
167.0 75.4 167.0 164.0 7.9 1007.3 770.1 28.0 41.41 
313.3 262.2 0.0 175.5 8.6 1046.9 611.8 28.0 59.8 
389.9 189.0 0.0 145.9 22.0 944.7 755.8 7.0 59.09 
252.3 0.0 98.8 146.3 14.2 987.8 889.0 100.0 60.95 
153.1 145.0 113.0 178.5 8.0 1001.9 688.7 28.0 25.56 
238.1 0.0 94.1 186.7 7.0 949.9 847.0 3.0 19.93 
213.5 0.0 174.2 154.6 11.7 1052.3 775.5 14.0 33.7 
288.0 192.0 0.0 192.0 0.0 932.0 717.8 90.0 50.53 
309.9 142.8 111.2 167.8 22.1 913.9 651.2 28.0 38.22 
154.0 174.0 185.0 228.0 7.0 845.0 612.0 28.0 24.34 
339.0 0.0 0.0 197.0 0.0 968.0 781.0 7.0 20.97 
316.1 210.7 0.0 185.7 0.0 977.0 689.3 7.0 24.44 
141.3 212.0 0.0 203.5 0.0 971.8 748.5 28.0 29.89 
222.4 0.0 96.7 189.3 4.5 967.1 870.3 14.0 24.45 
218.2 54.6 123.8 140.8 11.9 1075.7 792.7 3.0 27.42 
296.0 0.0 0.0 192.0 0.0 1085.0 765.0 7.0 14.2 
212.0 141.3 0.0 203.5 0.0 973.4 750.0 28.0 33.0 
397.0 0.0 0.0 185.0 0.0 1040.0 734.0 28.0 39.09 
397.0 0.0 0.0 186.0 0.0 1040.0 734.0 28.0 36.94 
222.4 0.0 96.7 189.3 4.5 967.1 870.3 28.0 24.89 
318.8 212.5 0.0 155.7 14.3 852.1 880.4 56.0 66.1 
166.1 0.0 163.3 176.5 4.5 1058.6 780.1 3.0 10.76 
389.9 189.0 0.0 145.9 22.0 944.7 755.8 3.0 40.6 
531.3 0.0 0.0 141.8 28.2 852.1 893.7 3.0 41.3 
425.0 106.3 0.0 153.5 16.5 852.1 887.1 91.0 65.2 
500.0 0.0 0.0 200.0 0.0 1125.0 613.0 1.0 12.64 
166.1 0.0 163.3 176.5 4.5 1058.6 780.1 28.0 21.54 
425.0 106.3 0.0 153.5 16.5 852.1 887.1 91.0 65.2 
141.9 166.6 129.7 173.5 10.9 882.6 785.3 28.0 44.61 
213.8 98.1 24.5 181.7 6.7 1066.0 785.5 100.0 49.97 
297.8 137.2 106.9 201.3 6.0 878.4 655.3 28.0 53.52 
102.0 153.0 0.0 192.0 0.0 887.0 942.0 90.0 25.46 
288.0 192.0 0.0 192.0 0.0 932.0 717.8 28.0 38.8 
295.7 0.0 95.6 171.5 8.9 955.1 859.2 3.0 22.95 
214.9 53.8 121.9 155.6 9.6 1014.3 780.6 14.0 38.6 
277.2 97.8 24.5 160.7 11.2 1061.7 782.5 100.0 66.95 
382.0 0.0 0.0 186.0 0.0 1047.0 739.0 28.0 37.42 
214.9 53.8 121.9 155.6 9.6 1014.3 780.6 28.0 52.2 
229.7 0.0 118.2 195.2 6.1 1028.1 757.6 28.0 24.54 
289.0 0.0 0.0 192.0 0.0 913.2 895.3 3.0 11.65 
389.9 189.0 0.0 145.9 22.0 944.7 755.8 91.0 82.6 
339.0 0.0 0.0 197.0 0.0 968.0 781.0 14.0 27.04 
251.4 0.0 118.3 192.9 5.8 1043.6 754.3 56.0 39.27 
213.7 0.0 174.7 154.8 10.2 1053.5 776.4 56.0 46.64 
387.0 20.0 94.0 157.0 11.6 938.0 845.0 7.0 41.67 
136.0 196.0 98.0 199.0 6.0 847.0 783.0 28.0 26.97 
480.0 0.0 0.0 192.0 0.0 936.0 721.0 90.0 54.28 
237.0 92.0 71.0 247.0 6.0 853.0 695.0 28.0 28.63 
133.1 210.2 0.0 195.7 3.1 949.4 795.3 28.0 28.94 
313.3 262.2 0.0 175.5 8.6 1046.9 611.8 56.0 64.9 
220.8 147.2 0.0 185.7 0.0 1055.0 744.3 7.0 13.09 
194.7 0.0 100.5 170.2 7.5 998.0 901.8 3.0 12.18 
397.0 17.2 158.0 167.0 20.8 967.0 633.0 28.0 55.65 
259.9 100.6 78.4 170.6 10.4 935.7 762.9 28.0 49.77 
214.9 53.8 121.9 155.6 9.6 1014.3 780.6 56.0 53.96 
151.6 0.0 111.9 184.4 7.9 992.0 815.9 28.0 12.18 
277.0 117.0 91.0 191.0 7.0 946.0 666.0 28.0 43.57 
310.0 0.0 0.0 192.0 0.0 1012.0 830.0 120.0 38.7 
337.9 189.0 0.0 174.9 9.5 944.7 755.8 3.0 24.1 
213.7 98.1 24.5 181.7 6.9 1065.8 785.4 28.0 45.71 
249.1 0.0 98.8 158.1 12.8 987.8 889.0 100.0 51.06 
133.0 200.0 0.0 192.0 0.0 927.4 839.2 7.0 13.66 
277.1 0.0 97.4 160.6 11.8 973.9 875.6 100.0 55.64 
186.2 124.1 0.0 185.7 0.0 1083.4 764.3 7.0 8.0 
475.0 118.8 0.0 181.1 8.9 852.1 781.5 56.0 72.3 
155.0 0.0 143.0 193.0 9.0 1047.0 697.0 28.0 12.46 
213.7 0.0 174.7 154.8 10.2 1053.5 776.4 14.0 33.73 
314.0 145.0 113.0 179.0 8.0 869.0 690.0 28.0 46.23 
290.4 0.0 96.2 168.1 9.4 961.2 865.0 14.0 34.67 
295.7 0.0 95.6 171.5 8.9 955.1 859.2 14.0 35.23 
323.7 282.8 0.0 183.8 10.3 942.7 659.9 3.0 28.3 
379.5 151.2 0.0 153.9 15.9 1134.3 605.0 28.0 52.2 
214.9 53.8 121.9 155.6 9.6 1014.3 780.6 100.0 56.63 
160.2 188.0 146.4 203.2 11.3 828.7 709.7 28.0 35.31 
168.0 42.1 163.8 121.8 5.7 1058.7 780.1 100.0 39.23 
122.6 183.9 0.0 203.5 0.0 958.2 800.1 7.0 10.35 
359.0 19.0 141.0 154.0 10.9 942.0 801.0 7.0 35.75 
222.4 0.0 96.7 189.3 4.5 967.1 870.3 56.0 29.45 
290.2 193.5 0.0 185.7 0.0 998.2 704.3 28.0 33.04 
522.0 0.0 0.0 146.0 0.0 896.0 896.0 7.0 50.51 
212.6 0.0 100.4 159.4 10.4 1003.8 903.8 28.0 37.4 
375.0 93.8 0.0 126.6 23.4 852.1 992.6 91.0 62.5 
252.0 97.0 76.0 194.0 8.0 835.0 821.0 28.0 33.4 
446.0 24.0 79.0 162.0 11.6 967.0 712.0 28.0 57.03 
310.0 0.0 0.0 192.0 0.0 971.0 850.6 3.0 9.87 
190.3 0.0 125.2 166.6 9.9 1079.0 798.9 56.0 31.72 
139.6 209.4 0.0 192.0 0.0 1047.0 806.9 90.0 39.36 
212.1 0.0 121.6 180.3 5.7 1057.6 779.3 100.0 39.61 
313.3 262.2 0.0 175.5 8.6 1046.9 611.8 7.0 42.8 
139.6 209.4 0.0 192.0 0.0 1047.0 806.9 3.0 8.06 
194.7 0.0 100.5 165.6 7.5 1006.4 905.9 56.0 33.96 
198.6 132.4 0.0 192.0 0.0 978.4 825.5 360.0 44.3 
238.1 0.0 94.1 186.7 7.0 949.9 847.0 14.0 25.69 
307.0 0.0 0.0 193.0 0.0 968.0 812.0 3.0 12.54 
250.0 0.0 95.7 191.8 5.3 948.9 857.2 56.0 39.64 
349.0 0.0 0.0 192.0 0.0 1047.0 806.0 180.0 41.05 
298.1 0.0 107.0 186.4 6.1 879.0 815.2 28.0 42.64 
491.0 26.0 123.0 201.0 3.9 822.0 699.0 28.0 57.92 
266.0 112.0 87.0 178.0 10.0 910.0 745.0 28.0 39.42 
254.0 0.0 0.0 198.0 0.0 968.0 863.0 365.0 29.79 
427.5 47.5 0.0 228.0 0.0 932.0 594.0 7.0 35.08 
190.0 190.0 0.0 228.0 0.0 932.0 670.0 365.0 53.69 
184.0 86.0 190.0 213.0 6.0 923.0 623.0 28.0 22.93 
425.0 106.3 0.0 151.4 18.6 936.0 803.7 56.0 64.9 
313.3 0.0 113.0 178.5 8.0 1001.9 688.7 28.0 36.8 
525.0 0.0 0.0 189.0 0.0 1125.0 613.0 90.0 58.78 
289.0 0.0 0.0 192.0 0.0 913.2 895.3 7.0 14.6 
387.0 20.0 94.0 157.0 14.3 938.0 845.0 7.0 36.84 
168.0 42.1 163.8 121.8 5.7 1058.7 780.1 56.0 32.85 
297.0 0.0 0.0 186.0 0.0 1040.0 734.0 7.0 30.96 
374.3 0.0 0.0 190.2 6.7 1013.2 730.4 28.0 39.06 
318.8 212.5 0.0 155.7 14.3 852.1 880.4 91.0 68.1 
284.0 15.0 141.0 179.0 5.5 842.0 801.0 28.0 43.73 
153.0 102.0 0.0 192.0 0.0 888.0 943.1 28.0 17.96 
251.4 0.0 118.3 192.9 5.8 1043.6 754.3 28.0 33.27 
150.7 0.0 185.3 166.7 15.6 1074.5 678.0 28.0 13.46 
167.0 75.4 167.0 164.0 7.9 1007.3 770.1 56.0 53.46 
178.0 129.8 118.6 179.9 3.6 1007.3 746.8 56.0 48.59 
382.0 0.0 0.0 186.0 0.0 1047.0 739.0 7.0 24.0 
491.0 26.0 123.0 201.0 3.9 822.0 699.0 7.0 37.92 
213.8 98.1 24.5 181.7 6.7 1066.0 785.5 56.0 47.13 
305.0 0.0 100.0 196.0 10.0 959.0 705.0 28.0 30.12 
356.0 119.0 0.0 160.0 9.0 1061.0 657.0 28.0 59.0 
173.5 50.1 173.5 164.8 6.5 1006.2 793.5 14.0 33.01 
305.3 203.5 0.0 203.5 0.0 965.4 631.0 7.0 25.89 
173.8 93.4 159.9 172.3 9.7 1007.2 746.6 56.0 48.99 
300.0 0.0 0.0 184.0 0.0 1075.0 795.0 28.0 26.85 
339.0 0.0 0.0 197.0 0.0 968.0 781.0 180.0 36.45 
375.0 93.8 0.0 126.6 23.4 852.1 992.6 7.0 45.7 
500.0 0.0 0.0 200.0 0.0 1125.0 613.0 7.0 33.21 
160.0 250.0 0.0 168.0 12.0 1049.0 688.0 28.0 39.45 
387.0 20.0 94.0 157.0 13.9 938.0 845.0 28.0 46.68 
166.8 250.2 0.0 203.5 0.0 975.6 692.6 7.0 15.75 
382.0 0.0 0.0 186.0 0.0 1111.0 784.0 7.0 11.47 
193.5 290.2 0.0 185.7 0.0 998.2 704.3 28.0 32.63 
298.0 137.0 107.0 201.0 6.0 878.0 655.0 28.0 53.52 
273.0 105.0 82.0 210.0 9.0 904.0 680.0 28.0 37.17 
165.0 128.5 132.1 175.1 8.1 1005.8 746.6 3.0 19.42 
339.0 0.0 0.0 185.0 0.0 1060.0 754.0 28.0 31.65 
400.0 0.0 0.0 187.0 0.0 1025.0 745.0 28.0 43.7 
152.0 178.0 139.0 168.0 18.0 944.0 695.0 28.0 36.35 
362.6 189.0 0.0 164.9 11.6 944.7 755.8 56.0 77.3 
304.0 76.0 0.0 228.0 0.0 932.0 670.0 90.0 49.19 
349.0 0.0 0.0 192.0 0.0 1056.0 809.0 7.0 9.01 
250.0 0.0 0.0 182.0 0.0 1100.0 820.0 28.0 20.87 
165.0 0.0 143.6 163.8 0.0 1005.6 900.9 100.0 37.96 
313.3 145.0 0.0 178.5 8.0 867.2 824.0 28.0 40.93 
277.2 97.8 24.5 160.7 11.2 1061.7 782.5 14.0 47.71 
379.5 151.2 0.0 153.9 15.9 1134.3 605.0 3.0 28.6 
150.9 0.0 183.9 166.6 11.6 991.2 772.2 28.0 15.57 
225.0 0.0 0.0 181.0 0.0 1113.0 833.0 7.0 11.17 
212.6 0.0 100.4 159.4 10.4 1003.8 903.8 14.0 25.37 
250.0 0.0 95.7 187.4 5.5 956.9 861.2 56.0 38.33 
155.6 243.5 0.0 180.3 10.7 1022.0 697.7 28.0 37.36 
116.0 173.0 0.0 192.0 0.0 909.8 891.9 90.0 31.02 
167.4 129.9 128.6 175.5 7.8 1006.3 746.6 100.0 53.66 
144.0 170.0 133.0 192.0 8.0 814.0 805.0 28.0 29.87 
295.8 0.0 0.0 185.7 0.0 1091.4 769.3 28.0 25.22 
424.0 22.0 132.0 178.0 8.5 822.0 750.0 28.0 62.05 
385.0 0.0 0.0 186.0 0.0 966.0 763.0 28.0 31.35 
401.8 94.7 0.0 147.4 11.4 946.8 852.1 56.0 73.7 
213.5 0.0 174.2 154.6 11.7 1052.3 775.5 100.0 59.3 
239.6 359.4 0.0 185.7 0.0 941.6 664.3 7.0 25.42 
102.0 153.0 0.0 192.0 0.0 887.0 942.0 3.0 4.57 
212.0 0.0 124.8 159.0 7.8 1085.4 799.5 56.0 45.08 
424.0 22.0 132.0 178.0 8.5 822.0 750.0 56.0 65.7 
132.0 207.0 161.0 179.0 5.0 867.0 736.0 28.0 33.3 
307.0 0.0 0.0 193.0 0.0 968.0 812.0 28.0 27.53 
331.0 0.0 0.0 192.0 0.0 1025.0 821.0 28.0 31.74 
425.0 106.3 0.0 153.5 16.5 852.1 887.1 3.0 33.4 
149.0 153.0 194.0 192.0 8.0 935.0 623.0 28.0 24.58 
388.6 97.1 0.0 157.9 12.1 852.1 925.7 91.0 57.6 
250.0 0.0 95.7 191.8 5.3 948.9 857.2 14.0 24.66 
505.0 0.0 60.0 195.0 0.0 1030.0 630.0 28.0 64.02 
159.1 186.7 0.0 175.6 11.3 989.6 788.9 28.0 32.77 
379.5 151.2 0.0 153.9 15.9 1134.3 605.0 91.0 56.5 
500.0 0.0 0.0 140.0 4.0 966.0 853.0 28.0 67.57 
144.0 0.0 175.0 158.0 18.0 943.0 844.0 28.0 15.42 
266.2 112.3 87.5 177.9 10.4 909.7 744.5 28.0 39.42 
310.0 143.0 111.0 168.0 22.0 914.0 651.0 28.0 33.69 
393.0 0.0 0.0 192.0 0.0 940.0 758.0 90.0 48.79 
337.9 189.0 0.0 174.9 9.5 944.7 755.8 56.0 59.89 
164.0 163.0 128.0 197.0 8.0 961.0 641.0 28.0 27.23 
190.3 0.0 125.2 166.6 9.9 1079.0 798.9 14.0 19.42 
153.1 145.0 113.0 178.5 8.0 867.2 824.0 28.0 26.23 
154.0 144.0 112.0 220.0 10.0 923.0 658.0 28.0 16.5 
194.7 0.0 100.5 165.6 7.5 1006.4 905.9 28.0 25.72 
359.0 19.0 141.0 154.0 10.9 942.0 801.0 3.0 23.64 
213.5 0.0 174.2 159.2 11.7 1043.6 771.9 100.0 52.96 
222.4 0.0 96.7 189.3 4.5 967.1 870.3 100.0 40.71 
304.0 140.0 0.0 214.0 6.0 895.0 722.0 28.0 33.42 
212.1 0.0 121.6 180.3 5.7 1057.6 779.3 56.0 34.2 
133.0 200.0 0.0 192.0 0.0 927.4 839.2 28.0 27.87 
251.4 0.0 118.3 188.5 6.4 1028.4 757.7 3.0 13.12 
475.0 0.0 0.0 228.0 0.0 932.0 594.0 365.0 41.93 
331.0 0.0 0.0 192.0 0.0 1025.0 821.0 3.0 14.31 
167.4 129.9 128.6 175.5 7.8 1006.3 746.6 28.0 41.2 
334.0 17.6 158.0 189.0 15.3 967.0 633.0 28.0 44.33 
333.0 17.5 163.0 167.0 17.9 996.0 652.0 28.0 47.28 
146.5 114.6 89.3 201.9 8.8 860.0 829.5 28.0 19.99 
475.0 0.0 0.0 162.0 9.5 1044.0 662.0 28.0 58.52 
387.0 20.0 94.0 157.0 11.6 938.0 845.0 28.0 46.68 
475.0 0.0 0.0 228.0 0.0 932.0 594.0 7.0 38.6 
238.1 0.0 0.0 185.7 0.0 1118.8 789.3 28.0 17.58 
181.4 0.0 167.0 169.6 7.6 1055.6 777.8 28.0 27.77 
376.0 0.0 0.0 214.6 0.0 1003.5 762.4 100.0 43.06 
144.8 0.0 133.6 180.8 11.1 979.5 811.5 28.0 13.2 
336.0 0.0 0.0 182.0 3.0 986.0 817.0 28.0 44.86 
218.9 0.0 124.1 158.5 11.3 1078.7 794.9 14.0 26.05 
277.0 0.0 0.0 191.0 0.0 968.0 856.0 14.0 21.26 
339.0 0.0 0.0 185.0 0.0 1069.0 754.0 28.0 31.84 
540.0 0.0 0.0 173.0 0.0 1125.0 613.0 28.0 67.31 
540.0 0.0 0.0 173.0 0.0 1125.0 613.0 270.0 74.17 
230.0 0.0 118.3 195.5 4.6 1029.4 758.6 56.0 31.54 
251.4 0.0 118.3 188.5 5.8 1028.4 757.7 3.0 17.22 
349.0 0.0 0.0 192.0 0.0 1056.0 809.0 28.0 33.61 
156.0 178.0 187.0 221.0 7.0 854.0 614.0 28.0 29.41 
213.8 98.1 24.5 181.7 6.7 1066.0 785.5 3.0 13.18 
277.2 97.8 24.5 160.7 11.2 1061.7 782.5 56.0 66.82 
154.8 0.0 142.8 193.3 9.1 1047.4 696.7 28.0 12.46 
374.0 0.0 0.0 190.0 7.0 1013.0 730.0 28.0 39.05 
230.0 0.0 118.3 195.5 4.6 1029.4 758.6 100.0 35.34 
158.0 0.0 195.0 220.0 11.0 898.0 713.0 28.0 8.54 
230.0 0.0 118.3 195.5 4.6 1029.4 758.6 28.0 24.48 
102.0 153.0 0.0 192.0 0.0 887.0 942.0 28.0 17.28 
297.2 0.0 117.5 174.8 9.5 1022.8 753.5 56.0 51.96 
147.8 175.1 0.0 171.2 2.2 1000.0 828.5 28.0 26.92 
250.0 0.0 95.7 187.4 5.5 956.9 861.2 100.0 42.35 
200.0 0.0 0.0 180.0 0.0 1125.0 845.0 7.0 7.84 
362.6 189.0 0.0 164.9 11.6 944.7 755.8 91.0 79.3 
322.0 149.0 0.0 186.0 8.0 951.0 709.0 28.0 52.42 
200.0 133.0 0.0 192.0 0.0 965.4 806.2 3.0 11.41 
287.3 120.5 93.9 187.6 9.2 904.4 695.9 28.0 43.8 
178.0 129.8 118.6 179.9 3.6 1007.3 746.8 28.0 39.16 
192.0 288.0 0.0 192.0 0.0 929.8 716.1 3.0 12.79 
108.3 162.4 0.0 203.5 0.0 938.2 849.0 90.0 29.23 
374.0 189.2 0.0 170.1 10.1 926.1 756.7 91.0 64.9 
393.0 0.0 0.0 192.0 0.0 940.6 785.6 7.0 27.74 
252.5 0.0 0.0 185.7 0.0 1111.6 784.3 28.0 19.77 
286.3 200.9 0.0 144.7 11.2 1004.6 803.7 91.0 76.8 
198.6 132.4 0.0 192.0 0.0 978.4 825.5 7.0 14.64 
236.0 0.0 0.0 193.0 0.0 968.0 885.0 180.0 24.1 
427.5 47.5 0.0 228.0 0.0 932.0 594.0 90.0 41.54 
362.6 189.0 0.0 164.9 11.6 944.7 755.8 7.0 22.9 
168.0 42.1 163.8 121.8 5.7 1058.7 780.1 3.0 7.75 
178.0 129.8 118.6 179.9 3.6 1007.3 746.8 100.0 49.99 
275.1 0.0 121.4 159.5 9.9 1053.6 777.5 14.0 38.77 
362.6 189.0 0.0 164.9 11.6 944.7 755.8 7.0 55.9 
183.9 122.6 0.0 203.5 0.0 959.2 800.0 90.0 32.53 
251.4 0.0 118.3 188.5 5.8 1028.4 757.7 28.0 29.65 
312.7 0.0 0.0 178.1 8.0 999.7 822.2 28.0 25.1 
273.0 0.0 90.0 199.0 11.0 931.0 762.0 28.0 32.24 
475.0 0.0 59.0 142.0 1.9 1098.0 641.0 28.0 57.23 
239.6 359.4 0.0 185.7 0.0 941.6 664.3 28.0 39.44 
359.0 19.0 141.0 154.0 10.9 942.0 801.0 56.0 66.78 
427.5 47.5 0.0 228.0 0.0 932.0 594.0 28.0 37.43 
304.0 76.0 0.0 228.0 0.0 932.0 670.0 28.0 47.81 
350.0 0.0 0.0 203.0 0.0 974.0 775.0 14.0 22.53 
165.0 0.0 143.6 163.8 0.0 1005.6 900.9 3.0 14.4 
116.0 173.0 0.0 192.0 0.0 909.8 891.9 28.0 22.35 
135.7 203.5 0.0 185.7 0.0 1076.2 759.3 7.0 7.51 
134.7 0.0 165.7 180.2 10.0 961.0 804.9 28.0 13.29 
425.0 106.3 0.0 153.5 16.5 852.1 887.1 7.0 49.2 
133.0 210.0 0.0 196.0 3.0 949.0 795.0 28.0 31.03 
322.0 0.0 0.0 203.0 0.0 974.0 800.0 28.0 25.18 
190.3 0.0 125.2 166.6 9.9 1079.0 798.9 28.0 24.85 
349.0 0.0 0.0 192.0 0.0 1056.0 809.0 90.0 40.66 
446.0 24.0 79.0 162.0 11.6 967.0 712.0 7.0 38.02 
275.0 0.0 0.0 183.0 0.0 1088.0 808.0 28.0 24.5 
143.0 169.0 143.0 191.0 8.0 967.0 643.0 28.0 29.72 
157.0 214.0 152.0 200.0 9.0 819.0 704.0 28.0 33.05 
424.0 22.0 132.0 168.0 8.9 822.0 750.0 7.0 40.29 
362.6 189.0 0.0 164.9 11.6 944.7 755.8 56.0 77.3 
231.8 0.0 121.6 174.0 6.7 1056.4 778.5 14.0 26.77 
286.3 200.9 0.0 144.7 11.2 1004.6 803.7 28.0 67.7 
313.8 0.0 112.6 169.9 10.1 925.3 782.9 28.0 38.46 
173.5 50.1 173.5 164.8 6.5 1006.2 793.5 56.0 53.77 
144.0 136.0 106.0 178.0 7.0 941.0 774.0 28.0 26.14 
480.0 0.0 0.0 192.0 0.0 936.0 721.0 3.0 24.39 
516.0 0.0 0.0 162.0 8.2 801.0 802.0 28.0 41.37 
251.8 0.0 99.9 146.1 12.4 1006.0 899.8 14.0 33.36 
236.0 157.0 0.0 192.0 0.0 972.6 749.1 28.0 32.88 
144.0 15.0 195.0 176.0 6.0 1021.0 709.0 28.0 15.34 
480.0 0.0 0.0 192.0 0.0 936.2 712.2 28.0 43.94 
250.0 0.0 95.7 191.8 5.3 948.9 857.2 100.0 41.16 
252.0 0.0 0.0 185.0 0.0 1111.0 784.0 28.0 19.69 
285.0 190.0 0.0 163.0 7.6 1031.0 685.0 28.0 53.58 
296.0 0.0 106.7 221.4 10.5 819.2 778.4 28.0 31.42 
296.0 0.0 107.0 221.0 11.0 819.0 778.0 28.0 31.42 
167.0 187.0 195.0 185.0 7.0 898.0 636.0 28.0 23.89 
290.4 0.0 96.2 168.1 9.4 961.2 865.0 3.0 22.5 
277.1 0.0 97.4 160.6 11.8 973.9 875.6 3.0 23.14 
491.0 26.0 123.0 210.0 3.9 882.0 699.0 28.0 55.55 
236.0 0.0 0.0 194.0 0.0 968.0 885.0 28.0 18.42 
157.0 236.0 0.0 192.0 0.0 935.4 781.2 90.0 43.38 
366.0 187.0 0.0 191.0 7.0 824.0 757.0 28.0 65.91 
288.0 121.0 0.0 177.0 7.0 908.0 829.0 28.0 42.13 
136.4 161.6 125.8 171.6 10.4 922.6 764.4 28.0 29.07 
277.1 0.0 97.4 160.6 11.8 973.9 875.6 14.0 41.89 
250.0 0.0 0.0 182.0 0.0 1100.0 820.0 7.0 12.73 
425.0 106.3 0.0 153.5 16.5 852.1 887.1 56.0 64.3 
446.0 24.0 79.0 162.0 11.6 967.0 712.0 7.0 39.3 
145.7 172.6 0.0 181.9 3.4 985.8 816.8 28.0 23.74 
385.0 0.0 136.0 158.0 20.0 903.0 768.0 28.0 55.55 
153.0 102.0 0.0 192.0 0.0 888.0 943.1 3.0 4.78 
260.0 101.0 78.0 171.0 10.0 936.0 763.0 28.0 49.77 
446.0 24.0 79.0 162.0 11.6 967.0 712.0 28.0 44.42 
181.4 0.0 167.0 169.6 7.6 1055.6 777.8 100.0 45.37 
158.4 0.0 194.9 219.7 11.0 897.7 712.9 28.0 8.54 
284.0 15.0 141.0 179.0 5.5 842.0 801.0 7.0 24.13 
362.6 189.0 0.0 164.9 11.6 944.7 755.8 56.0 77.3 
313.3 262.2 0.0 175.5 8.6 1046.9 611.8 3.0 28.8 
203.5 305.3 0.0 203.5 0.0 963.4 630.0 90.0 51.86 
182.0 45.2 122.0 170.2 8.2 1059.4 780.7 100.0 48.67 
225.0 0.0 0.0 181.0 0.0 1113.0 833.0 28.0 17.34 
277.2 97.8 24.5 160.7 11.2 1061.7 782.5 28.0 63.14 
146.0 173.0 0.0 182.0 3.0 986.0 817.0 28.0 23.74 
288.0 192.0 0.0 192.0 0.0 932.0 717.8 7.0 23.52 
469.0 117.2 0.0 137.8 32.2 852.1 840.5 7.0 54.9 
359.0 19.0 141.0 154.0 10.9 942.0 801.0 3.0 25.12 
139.6 209.4 0.0 192.0 0.0 1047.0 806.9 180.0 44.21 
162.0 190.0 148.0 179.0 19.0 838.0 741.0 28.0 33.76 
218.2 54.6 123.8 140.8 11.9 1075.7 792.7 14.0 35.96 
310.0 0.0 0.0 192.0 0.0 970.0 850.0 90.0 34.68 
249.1 0.0 98.8 158.1 12.8 987.8 889.0 28.0 30.85 
250.2 166.8 0.0 203.5 0.0 977.6 694.1 3.0 9.73 
178.0 129.8 118.6 179.9 3.6 1007.3 746.8 3.0 20.73 
213.8 98.1 24.5 181.7 6.7 1066.0 785.5 28.0 40.23 
266.0 114.0 0.0 228.0 0.0 932.0 670.0 270.0 51.73 
281.0 0.0 0.0 185.0 0.0 1104.0 774.0 28.0 22.44 
212.0 141.3 0.0 203.5 0.0 973.4 750.0 3.0 6.81 
342.0 38.0 0.0 228.0 0.0 932.0 670.0 180.0 52.12 
439.0 177.0 0.0 186.0 11.1 884.9 707.9 56.0 71.7 
500.0 0.0 0.0 200.0 0.0 1125.0 613.0 28.0 44.09 
296.0 0.0 0.0 186.0 0.0 1090.0 769.0 28.0 25.18 
425.0 106.3 0.0 153.5 16.5 852.1 887.1 3.0 33.4 
203.5 135.7 0.0 185.7 0.0 1076.2 759.3 28.0 22.63 
275.1 0.0 121.4 159.5 9.9 1053.6 777.5 3.0 23.8 
380.0 95.0 0.0 228.0 0.0 932.0 594.0 7.0 32.82 
143.0 169.4 142.7 190.7 8.4 967.4 643.5 28.0 29.73 
202.0 11.0 141.0 206.0 1.7 942.0 801.0 56.0 23.25 
146.0 230.0 0.0 202.0 3.0 827.0 872.0 28.0 33.06 
192.0 288.0 0.0 192.0 0.0 929.8 716.1 90.0 50.73 
362.6 189.0 0.0 164.9 11.6 944.7 755.8 56.0 77.3 
350.0 0.0 0.0 203.0 0.0 974.0 775.0 90.0 31.35 
425.0 106.3 0.0 153.5 16.5 852.1 887.1 7.0 49.2 
349.0 0.0 0.0 192.0 0.0 1056.0 809.0 120.0 40.86 
167.0 75.4 167.0 164.0 7.9 1007.3 770.1 3.0 15.52 
133.0 200.0 0.0 192.0 0.0 927.4 839.2 90.0 36.59 
172.4 13.6 172.4 156.8 4.1 1006.3 856.4 28.0 33.69 
141.3 212.0 0.0 203.5 0.0 971.8 748.5 90.0 39.66 
376.0 0.0 0.0 214.6 0.0 1003.5 762.4 3.0 16.28 
331.0 0.0 0.0 192.0 0.0 978.0 825.0 3.0 13.52 
528.0 0.0 0.0 185.0 6.9 920.0 720.0 28.0 56.83 
168.0 42.1 163.8 121.8 5.7 1058.7 780.1 14.0 17.82 
289.0 0.0 0.0 192.0 0.0 913.2 895.3 28.0 25.57 
295.0 0.0 0.0 185.0 0.0 1069.0 769.0 7.0 14.8 
167.4 129.9 128.6 175.5 7.8 1006.3 746.6 14.0 31.81 
193.5 290.2 0.0 185.7 0.0 998.2 704.3 7.0 17.2 
295.7 0.0 95.6 171.5 8.9 955.1 859.2 100.0 52.04 
149.0 117.6 91.7 182.9 7.1 953.4 780.3 28.0 23.52 
277.1 0.0 97.4 160.6 11.8 973.9 875.6 56.0 51.04 
168.0 42.1 163.8 121.8 5.7 1058.7 780.1 28.0 24.24 
249.1 0.0 98.8 158.1 12.8 987.8 889.0 3.0 15.36 
295.8 0.0 0.0 185.7 0.0 1091.4 769.3 7.0 14.84 
349.0 0.0 0.0 192.0 0.0 1047.0 806.0 360.0 42.13 
255.5 170.3 0.0 185.7 0.0 1026.6 724.3 28.0 32.05 
297.2 0.0 117.5 174.8 9.5 1022.8 753.5 28.0 47.4 
427.5 47.5 0.0 228.0 0.0 932.0 594.0 180.0 41.84 
237.5 237.5 0.0 228.0 0.0 932.0 594.0 90.0 33.12 
289.0 134.0 0.0 195.0 6.0 924.0 760.0 28.0 46.24 
375.0 93.8 0.0 126.6 23.4 852.1 992.6 3.0 29.0 
425.0 106.3 0.0 151.4 18.6 936.0 803.7 3.0 36.3 
249.1 0.0 98.8 158.1 12.8 987.8 889.0 56.0 42.03 
331.0 0.0 0.0 192.0 0.0 978.0 825.0 360.0 41.24 
136.0 162.0 126.0 172.0 10.0 923.0 764.0 28.0 29.07 
182.0 45.2 122.0 170.2 8.2 1059.4 780.7 14.0 21.5 
218.9 0.0 124.1 158.5 11.3 1078.7 794.9 100.0 46.23 
213.7 0.0 174.7 154.8 10.2 1053.5 776.4 100.0 50.08 
385.0 0.0 0.0 186.0 0.0 966.0 763.0 1.0 6.27 
318.8 212.5 0.0 155.7 14.3 852.1 880.4 7.0 33.4 
238.0 0.0 0.0 186.0 0.0 1119.0 789.0 7.0 12.05 
212.1 0.0 121.6 180.3 5.7 1057.6 779.3 3.0 12.47 
290.4 0.0 96.2 168.1 9.4 961.2 865.0 28.0 34.74 
380.0 0.0 0.0 228.0 0.0 932.0 670.0 180.0 53.1 
237.5 237.5 0.0 228.0 0.0 932.0 594.0 180.0 36.25 
310.0 0.0 0.0 192.0 0.0 970.0 850.0 360.0 38.11 
305.3 203.5 0.0 203.5 0.0 965.4 631.0 90.0 54.6 
491.0 26.0 123.0 201.0 3.9 822.0 699.0 3.0 29.55 
540.0 0.0 0.0 173.0 0.0 1125.0 613.0 180.0 71.62 
540.0 0.0 0.0 173.0 0.0 1125.0 613.0 14.0 59.76 
332.5 142.5 0.0 228.0 0.0 932.0 594.0 28.0 33.02 
376.0 0.0 0.0 214.6 0.0 1003.5 762.4 56.0 36.3 
315.0 137.0 0.0 145.0 5.9 1130.0 745.0 28.0 81.75 
167.0 75.4 167.0 164.0 7.9 1007.3 770.1 100.0 56.81 
424.0 22.0 132.0 168.0 8.9 822.0 750.0 56.0 74.36 
355.9 0.0 141.6 193.3 11.0 801.4 778.4 28.0 40.87 
380.0 95.0 0.0 228.0 0.0 932.0 594.0 90.0 40.56 
525.0 0.0 0.0 189.0 0.0 1125.0 613.0 7.0 42.42 
168.9 42.2 124.3 158.3 10.8 1080.8 796.2 3.0 7.4 
318.8 212.5 0.0 155.7 14.3 852.1 880.4 28.0 55.5 
229.7 0.0 118.2 195.2 6.1 1028.1 757.6 56.0 31.35 
190.7 0.0 125.4 162.1 7.8 1090.0 804.0 56.0 35.34 
480.0 0.0 0.0 192.0 0.0 936.2 712.2 3.0 24.4 
212.5 0.0 100.4 159.3 8.7 1007.8 903.6 100.0 42.92 
331.0 0.0 0.0 192.0 0.0 978.0 825.0 90.0 37.23 
212.6 0.0 100.4 159.4 10.4 1003.8 903.8 100.0 47.74 
212.0 0.0 124.8 159.0 7.8 1085.4 799.5 3.0 19.52 
305.3 203.5 0.0 203.5 0.0 965.4 631.0 3.0 14.14 
140.0 164.0 128.0 237.0 6.0 869.0 656.0 28.0 35.23 
186.2 124.1 0.0 185.7 0.0 1083.4 764.3 28.0 17.6 
342.0 38.0 0.0 228.0 0.0 932.0 670.0 270.0 55.06 
165.0 0.0 150.0 182.0 12.0 1023.0 729.0 28.0 18.03 
342.0 38.0 0.0 228.0 0.0 932.0 670.0 90.0 50.46 
313.0 145.0 0.0 178.0 8.0 1002.0 689.0 28.0 41.05 
255.0 0.0 0.0 192.0 0.0 889.8 945.0 28.0 18.75 
276.4 116.0 90.3 179.6 8.9 870.1 768.3 28.0 44.28 
480.0 0.0 0.0 192.0 0.0 936.2 712.2 90.0 54.32 
385.0 0.0 0.0 186.0 0.0 966.0 763.0 14.0 27.92 
540.0 0.0 0.0 173.0 0.0 1125.0 613.0 7.0 52.61 
333.0 0.0 0.0 192.0 0.0 931.2 842.6 3.0 15.62 
376.0 0.0 0.0 214.6 0.0 1003.5 762.4 28.0 31.97 
322.0 0.0 116.0 196.0 10.0 818.0 813.0 28.0 31.18 
122.6 183.9 0.0 203.5 0.0 958.2 800.1 90.0 33.19 
183.9 122.6 0.0 203.5 0.0 959.2 800.0 3.0 4.9 
255.5 170.3 0.0 185.7 0.0 1026.6 724.3 7.0 17.24 
480.0 0.0 0.0 192.0 0.0 936.0 721.0 28.0 43.89 
393.0 0.0 0.0 192.0 0.0 940.6 785.6 28.0 39.6 
260.9 100.5 78.3 200.6 8.6 864.5 761.5 28.0 32.4 
302.0 0.0 0.0 203.0 0.0 974.0 817.0 28.0 21.75 
525.0 0.0 0.0 189.0 0.0 1125.0 613.0 14.0 48.4 
202.0 11.0 141.0 206.0 1.7 942.0 801.0 28.0 21.97 
540.0 0.0 0.0 162.0 2.5 1055.0 676.0 28.0 61.89 
332.5 142.5 0.0 228.0 0.0 932.0 594.0 7.0 30.28 
150.0 236.8 0.0 173.8 11.9 1069.3 674.8 28.0 37.43 
148.0 0.0 137.0 158.0 16.0 1002.0 830.0 28.0 17.95 
148.0 175.0 0.0 171.0 2.0 1000.0 828.0 28.0 26.92 
252.3 0.0 98.8 146.3 14.2 987.8 889.0 3.0 21.78 
198.6 132.4 0.0 192.0 0.0 978.4 825.5 3.0 9.13 
401.8 94.7 0.0 147.4 11.4 946.8 852.1 28.0 68.5 
252.0 0.0 0.0 185.0 0.0 1111.0 784.0 28.0 19.69 
531.3 0.0 0.0 141.8 28.2 852.1 893.7 28.0 56.4 
475.0 0.0 0.0 228.0 0.0 932.0 594.0 90.0 42.23 
233.8 0.0 94.6 197.9 4.6 947.0 852.2 28.0 22.84 
238.2 158.8 0.0 185.7 0.0 1040.6 734.3 7.0 15.69 
374.0 189.2 0.0 170.1 10.1 926.1 756.7 28.0 61.09 
355.0 19.0 97.0 145.0 13.1 967.0 871.0 28.0 44.03 
182.0 45.2 122.0 170.2 8.2 1059.4 780.7 56.0 43.5 
325.0 0.0 0.0 184.0 0.0 1063.0 783.0 7.0 17.54 
141.3 212.0 0.0 203.5 0.0 971.8 748.5 3.0 4.83 
145.4 0.0 178.9 201.7 7.8 824.0 868.7 28.0 10.54 
251.4 0.0 118.3 188.5 5.8 1028.4 757.7 100.0 43.58 
190.3 0.0 125.2 161.9 9.9 1088.1 802.6 28.0 28.47 
238.1 0.0 94.1 186.7 7.0 949.9 847.0 100.0 44.3 
250.0 0.0 95.7 187.4 5.5 956.9 861.2 3.0 13.82 
246.8 0.0 125.1 143.3 12.0 1086.8 800.9 3.0 23.52 
182.0 45.2 122.0 170.2 8.2 1059.4 780.7 3.0 7.32 
362.6 189.0 0.0 164.9 11.6 944.7 755.8 7.0 55.9 
323.7 282.8 0.0 183.8 10.3 942.7 659.9 56.0 80.2 
275.1 0.0 121.4 159.5 9.9 1053.6 777.5 28.0 51.33 
307.0 0.0 0.0 193.0 0.0 968.0 812.0 90.0 32.92 
380.0 95.0 0.0 228.0 0.0 932.0 594.0 180.0 40.76 
425.0 106.3 0.0 153.5 16.5 852.1 887.1 3.0 33.4 
469.0 117.2 0.0 137.8 32.2 852.1 840.5 91.0 70.7 
374.0 189.2 0.0 170.1 10.1 926.1 756.7 56.0 63.4 
190.3 0.0 125.2 161.9 9.9 1088.1 802.6 3.0 9.45 
382.0 0.0 0.0 185.0 0.0 1047.0 739.0 7.0 24.0 
200.0 133.0 0.0 192.0 0.0 965.4 806.2 7.0 17.17 
277.0 0.0 0.0 191.0 0.0 968.0 856.0 180.0 32.33 
252.3 0.0 98.8 146.3 14.2 987.8 889.0 14.0 42.29 
362.6 189.0 0.0 164.9 11.6 944.7 755.8 91.0 79.3 
194.7 0.0 100.5 170.2 7.5 998.0 901.8 56.0 43.39 
382.5 0.0 0.0 185.7 0.0 1047.8 739.3 7.0 24.07 
469.0 117.2 0.0 137.8 32.2 852.1 840.5 28.0 66.9 
229.7 0.0 118.2 195.2 6.1 1028.1 757.6 14.0 22.32 
139.6 209.4 0.0 192.0 0.0 1047.0 806.9 360.0 44.7 
313.3 145.0 0.0 178.5 8.0 1001.9 688.7 28.0 41.05 
166.1 0.0 163.3 176.5 4.5 1058.6 780.1 14.0 25.48 
310.0 0.0 0.0 192.0 0.0 1012.0 830.0 90.0 35.76 
159.8 250.0 0.0 168.4 12.2 1049.3 688.2 28.0 39.46 
153.0 102.0 0.0 192.0 0.0 888.0 943.1 90.0 26.32 
362.6 189.0 0.0 164.9 11.6 944.7 755.8 28.0 71.3 
213.5 0.0 174.2 159.2 11.7 1043.6 771.9 28.0 44.64 
231.8 0.0 121.6 174.0 6.7 1056.4 778.5 3.0 15.44 
277.0 0.0 0.0 191.0 0.0 968.0 856.0 90.0 31.25 
213.7 98.1 24.5 181.7 6.9 1065.8 785.4 14.0 30.39 
310.0 0.0 0.0 192.0 0.0 1012.0 830.0 3.0 11.85 
122.6 183.9 0.0 203.5 0.0 958.2 800.1 3.0 3.32 
318.0 0.0 126.0 210.0 6.0 861.0 737.0 28.0 40.06 
275.0 0.0 0.0 183.0 0.0 1088.0 808.0 7.0 14.2 
531.3 0.0 0.0 141.8 28.2 852.1 893.7 56.0 58.8 
236.0 0.0 0.0 194.0 0.0 968.0 885.0 3.0 6.47 
387.0 20.0 94.0 157.0 13.9 938.0 845.0 56.0 47.97 
250.2 166.8 0.0 203.5 0.0 977.6 694.1 90.0 47.71 
236.0 0.0 0.0 194.0 0.0 968.0 885.0 90.0 21.95 
167.0 75.4 167.0 164.0 7.9 1007.3 770.1 14.0 32.9 
234.0 156.0 0.0 189.0 5.9 981.0 760.0 28.0 39.3 
439.0 177.0 0.0 186.0 11.1 884.9 707.9 28.0 66.0 
313.3 262.2 0.0 175.5 8.6 1046.9 611.8 91.0 66.6 
192.0 288.0 0.0 192.0 0.0 929.8 716.1 28.0 39.32 
284.0 15.0 141.0 179.0 5.5 842.0 801.0 56.0 44.52 
214.9 53.8 121.9 155.6 9.6 1014.3 780.6 3.0 18.02 
213.7 98.1 24.5 181.7 6.9 1065.8 785.4 56.0 50.77 
475.0 0.0 0.0 228.0 0.0 932.0 594.0 28.0 39.29 
116.0 173.0 0.0 192.0 0.0 909.8 891.9 7.0 10.09 
446.0 24.0 79.0 162.0 10.3 967.0 712.0 28.0 53.39 
213.5 0.0 174.2 159.2 11.7 1043.6 771.9 56.0 51.26 
277.0 0.0 0.0 191.0 0.0 968.0 856.0 28.0 25.97 
251.8 0.0 99.9 146.1 12.4 1006.0 899.8 100.0 45.37 
165.0 0.0 143.6 163.8 0.0 1005.6 900.9 56.0 36.56 
350.0 0.0 0.0 203.0 0.0 974.0 775.0 7.0 18.13 
158.8 238.2 0.0 185.7 0.0 1040.6 734.3 28.0 21.07 
374.0 189.2 0.0 170.1 10.1 926.1 756.7 3.0 34.4 
202.0 11.0 141.0 206.0 1.7 942.0 801.0 7.0 15.07 
339.0 0.0 0.0 197.0 0.0 968.0 781.0 3.0 13.22 
166.0 260.0 0.0 183.0 13.0 859.0 827.0 28.0 37.91 
331.0 0.0 0.0 192.0 0.0 978.0 825.0 180.0 39.0 
525.0 0.0 0.0 189.0 0.0 1125.0 613.0 180.0 61.92 
254.0 0.0 0.0 198.0 0.0 968.0 863.0 3.0 9.31 
446.0 24.0 79.0 162.0 11.6 967.0 712.0 3.0 23.35 
181.4 0.0 167.0 169.6 7.6 1055.6 777.8 3.0 13.62 
446.0 24.0 79.0 162.0 11.6 967.0 712.0 7.0 52.01 
155.0 183.0 0.0 193.0 9.0 877.0 868.0 28.0 23.79 
299.8 0.0 119.8 211.5 9.9 878.2 727.6 28.0 23.84 
302.0 0.0 0.0 203.0 0.0 974.0 817.0 14.0 18.13 
339.0 0.0 0.0 197.0 0.0 968.0 781.0 28.0 32.04 
133.0 200.0 0.0 192.0 0.0 927.4 839.2 3.0 6.88 
212.0 0.0 124.8 159.0 7.8 1085.4 799.5 14.0 31.35 
135.0 0.0 166.0 180.0 10.0 961.0 805.0 28.0 13.29 
337.9 189.0 0.0 174.9 9.5 944.7 755.8 28.0 49.9 
173.0 116.0 0.0 192.0 0.0 946.8 856.8 28.0 24.28 
317.9 0.0 126.5 209.7 5.7 860.5 736.6 28.0 40.06 
147.0 115.0 89.0 202.0 9.0 860.0 829.0 28.0 19.99 
286.3 200.9 0.0 144.7 11.2 1004.6 803.7 3.0 24.4 
359.0 19.0 141.0 154.0 10.9 942.0 801.0 56.0 68.75 
264.5 111.0 86.5 195.5 5.9 832.6 790.4 28.0 41.54 
387.0 20.0 94.0 157.0 13.9 938.0 845.0 7.0 45.9 
287.0 121.0 94.0 188.0 9.0 904.0 696.0 28.0 41.94 
336.5 0.0 0.0 181.9 3.4 985.8 816.8 28.0 44.87 
387.0 20.0 94.0 157.0 14.3 938.0 845.0 28.0 50.24 
325.0 0.0 0.0 184.0 0.0 1063.0 783.0 28.0 30.57 
165.0 128.5 132.1 175.1 8.1 1005.8 746.6 100.0 55.02 
388.6 97.1 0.0 157.9 12.1 852.1 925.7 7.0 34.9 
298.1 0.0 107.5 163.6 12.8 953.2 784.0 28.0 35.87 
375.0 93.8 0.0 126.6 23.4 852.1 992.6 56.0 60.2 
475.0 0.0 0.0 228.0 0.0 932.0 594.0 270.0 42.13 
155.0 184.0 143.0 194.0 9.0 880.0 699.0 28.0 28.99 
102.0 153.0 0.0 192.0 0.0 887.0 942.0 7.0 7.68 
275.1 0.0 121.4 159.5 9.9 1053.6 777.5 56.0 56.85 
139.9 132.6 103.3 200.3 7.4 916.0 753.4 28.0 36.44 
231.8 0.0 121.6 174.0 6.7 1056.4 778.5 28.0 33.73 
475.0 0.0 0.0 228.0 0.0 932.0 594.0 180.0 42.62 
