212.6 0.0 100.4 159.4 10.4 1003.8 903.8 14.0 25.37 
331.0 0.0 0.0 192.0 0.0 1025.0 821.0 3.0 14.31 
339.0 0.0 0.0 197.0 0.0 968.0 781.0 365.0 38.89 
300.0 0.0 120.0 212.0 10.0 878.0 728.0 28.0 23.84 
181.4 0.0 167.0 169.6 7.6 1055.6 777.8 28.0 27.77 
212.6 0.0 100.4 159.4 10.4 1003.8 903.8 56.0 44.4 
146.0 230.0 0.0 202.0 3.0 827.0 872.0 28.0 33.06 
393.0 0.0 0.0 192.0 0.0 940.0 758.0 90.0 48.79 
500.0 0.0 0.0 200.0 0.0 1125.0 613.0 180.0 51.04 
313.8 0.0 112.6 169.9 10.1 925.3 782.9 28.0 38.46 
491.0 26.0 123.0 201.0 3.9 822.0 699.0 56.0 61.86 
446.0 24.0 79.0 162.0 11.6 967.0 712.0 28.0 51.02 
173.5 50.1 173.5 164.8 6.5 1006.2 793.5 3.0 23.08 
167.0 75.4 167.0 164.0 7.9 1007.3 770.1 28.0 41.41 
425.0 106.3 0.0 153.5 16.5 852.1 887.1 7.0 49.2 
313.0 0.0 0.0 178.0 8.0 1000.0 822.0 28.0 25.1 
424.0 22.0 132.0 178.0 8.5 822.0 750.0 28.0 62.05 
321.0 164.0 0.0 190.0 5.0 870.0 774.0 28.0 57.21 
275.1 0.0 121.4 159.5 9.9 1053.6 777.5 100.0 58.61 
182.0 45.2 122.0 170.2 8.2 1059.4 780.7 28.0 31.27 
230.0 0.0 118.3 195.5 4.6 1029.4 758.6 100.0 35.34 
355.0 19.0 97.0 145.0 13.1 967.0 871.0 28.0 44.03 
190.3 0.0 125.2 161.9 9.9 1088.1 802.6 56.0 38.56 
212.1 0.0 121.6 180.3 5.7 1057.6 779.3 3.0 12.47 
388.6 97.1 0.0 157.9 12.1 852.1 925.7 56.0 55.2 
238.1 0.0 0.0 185.7 0.0 1118.8 789.3 28.0 17.58 
116.0 173.0 0.0 192.0 0.0 909.8 891.9 28.0 22.35 
249.1 0.0 98.8 158.1 12.8 987.8 889.0 14.0 28.68 
446.0 24.0 79.0 162.0 11.6 967.0 712.0 3.0 25.02 
376.0 0.0 0.0 214.6 0.0 1003.5 762.4 56.0 36.3 
183.9 122.6 0.0 203.5 0.0 959.2 800.0 7.0 10.79 
156.0 243.0 0.0 180.0 11.0 1022.0 698.0 28.0 37.36 
298.2 0.0 107.0 209.7 11.1 879.6 744.2 28.0 31.88 
312.9 160.5 0.0 177.6 9.6 916.6 759.5 28.0 52.45 
155.0 183.0 0.0 193.0 9.0 1047.0 697.0 28.0 18.28 
190.3 0.0 125.2 166.6 9.9 1079.0 798.9 28.0 24.85 
389.9 189.0 0.0 145.9 22.0 944.7 755.8 3.0 40.6 
222.4 0.0 96.7 189.3 4.5 967.1 870.3 56.0 29.45 
275.0 0.0 0.0 183.0 0.0 1088.0 808.0 7.0 14.2 
362.6 189.0 0.0 164.9 11.6 944.7 755.8 7.0 55.9 
275.0 180.0 120.0 162.0 10.4 830.0 765.0 28.0 76.24 
525.0 0.0 0.0 189.0 0.0 1125.0 613.0 28.0 55.94 
212.0 141.3 0.0 203.5 0.0 973.4 750.0 28.0 33.0 
166.8 250.2 0.0 203.5 0.0 975.6 692.6 7.0 15.75 
250.0 0.0 95.7 187.4 5.5 956.9 861.2 28.0 29.22 
385.0 0.0 0.0 186.0 0.0 966.0 763.0 28.0 31.35 
382.5 0.0 0.0 185.7 0.0 1047.8 739.3 28.0 37.44 
528.0 0.0 0.0 185.0 6.9 920.0 720.0 28.0 56.83 
252.3 0.0 98.8 146.3 14.2 987.8 889.0 28.0 50.6 
252.5 0.0 0.0 185.7 0.0 1111.6 784.3 7.0 11.48 
333.0 0.0 0.0 192.0 0.0 931.2 842.6 3.0 15.62 
140.0 164.0 128.0 237.0 6.0 869.0 656.0 28.0 35.23 
380.0 95.0 0.0 228.0 0.0 932.0 594.0 270.0 41.15 
132.0 207.0 161.0 179.0 5.0 867.0 736.0 28.0 33.3 
203.5 135.7 0.0 185.7 0.0 1076.2 759.3 28.0 22.63 
425.0 106.3 0.0 153.5 16.5 852.1 887.1 3.0 33.4 
310.0 0.0 0.0 192.0 0.0 1012.0 830.0 28.0 27.83 
480.0 0.0 0.0 192.0 0.0 936.0 721.0 3.0 24.39 
469.0 117.2 0.0 137.8 32.2 852.1 840.5 3.0 40.2 
350.0 0.0 0.0 203.0 0.0 974.0 775.0 28.0 27.34 
388.6 97.1 0.0 157.9 12.1 852.1 925.7 28.0 50.7 
213.5 0.0 174.2 159.2 11.7 1043.6 771.9 14.0 29.59 
194.7 0.0 100.5 170.2 7.5 998.0 901.8 14.0 24.28 
284.0 15.0 141.0 179.0 5.5 842.0 801.0 56.0 44.52 
439.0 177.0 0.0 186.0 11.1 884.9 707.9 7.0 56.1 
108.3 162.4 0.0 203.5 0.0 938.2 849.0 90.0 29.23 
480.0 0.0 0.0 192.0 0.0 936.2 712.2 28.0 43.94 
387.0 20.0 94.0 157.0 13.9 938.0 845.0 56.0 47.97 
525.0 0.0 0.0 189.0 0.0 1125.0 613.0 14.0 48.4 
145.0 0.0 134.0 181.0 11.0 979.0 812.0 28.0 13.2 
305.3 203.5 0.0 203.5 0.0 965.4 631.0 7.0 25.89 
379.5 151.2 0.0 153.9 15.9 1134.3 605.0 56.0 54.9 
108.3 162.4 0.0 203.5 0.0 938.2 849.0 3.0 2.33 
148.1 0.0 182.1 181.4 15.0 838.9 884.3 28.0 15.53 
212.6 0.0 100.4 159.4 10.4 1003.8 903.8 100.0 47.74 
505.0 0.0 60.0 195.0 0.0 1030.0 630.0 28.0 64.02 
250.0 0.0 95.7 187.4 5.5 956.9 861.2 3.0 13.82 
155.0 184.0 143.0 194.0 9.0 880.0 699.0 28.0 28.99 
362.6 189.0 0.0 164.9 11.6 944.7 755.8 91.0 79.3 
200.0 0.0 0.0 180.0 0.0 1125.0 845.0 28.0 12.25 
382.0 0.0 0.0 185.0 0.0 1047.0 739.0 7.0 24.0 
149.0 236.0 0.0 176.0 13.0 847.0 893.0 28.0 32.96 
144.0 136.0 106.0 178.0 7.0 941.0 774.0 28.0 26.14 
212.0 141.3 0.0 203.5 0.0 973.4 750.0 90.0 39.7 
178.0 129.8 118.6 179.9 3.6 1007.3 746.8 3.0 20.73 
305.3 203.5 0.0 203.5 0.0 965.4 631.0 3.0 14.14 
236.0 157.0 0.0 192.0 0.0 972.6 749.1 28.0 32.88 
133.1 210.2 0.0 195.7 3.1 949.4 795.3 28.0 28.94 
298.0 0.0 107.0 186.0 6.0 879.0 815.0 28.0 42.64 
212.0 0.0 124.8 159.0 7.8 1085.4 799.5 28.0 38.5 
203.5 305.3 0.0 203.5 0.0 963.4 630.0 3.0 9.56 
296.0 0.0 0.0 192.0 0.0 1085.0 765.0 7.0 14.2 
266.0 114.0 0.0 228.0 0.0 932.0 670.0 270.0 51.73 
250.0 0.0 95.7 191.8 5.3 948.9 857.2 56.0 39.64 
172.4 13.6 172.4 156.8 4.1 1006.3 856.4 3.0 21.29 
213.7 98.1 24.5 181.7 6.9 1065.8 785.4 100.0 53.9 
427.5 47.5 0.0 228.0 0.0 932.0 594.0 365.0 43.7 
167.4 129.9 128.6 175.5 7.8 1006.3 746.6 3.0 14.94 
212.1 0.0 121.6 180.3 5.7 1057.6 779.3 56.0 34.2 
286.3 200.9 0.0 144.7 11.2 1004.6 803.7 91.0 76.8 
168.0 42.1 163.8 121.8 5.7 1058.7 780.1 28.0 24.24 
153.1 145.0 113.0 178.5 8.0 867.2 824.0 28.0 26.23 
266.0 114.0 0.0 228.0 0.0 932.0 670.0 90.0 47.03 
194.7 0.0 100.5 165.6 7.5 1006.4 905.9 3.0 12.45 
304.0 76.0 0.0 228.0 0.0 932.0 670.0 365.0 55.26 
389.9 189.0 0.0 145.9 22.0 944.7 755.8 7.0 59.09 
213.7 98.1 24.5 181.7 6.9 1065.8 785.4 14.0 30.39 
160.0 250.0 0.0 168.0 12.0 1049.0 688.0 28.0 39.45 
237.5 237.5 0.0 228.0 0.0 932.0 594.0 270.0 38.41 
339.2 0.0 0.0 185.7 0.0 1069.2 754.3 7.0 21.18 
299.8 0.0 119.8 211.5 9.9 878.2 727.6 28.0 23.84 
153.6 144.2 112.3 220.1 10.1 923.2 657.9 28.0 16.5 
288.0 121.0 0.0 177.0 7.0 908.0 829.0 28.0 42.13 
387.0 20.0 94.0 157.0 14.3 938.0 845.0 3.0 22.75 
144.8 0.0 133.6 180.8 11.1 979.5 811.5 28.0 13.2 
289.0 0.0 0.0 192.0 0.0 913.2 895.3 3.0 11.65 
190.7 0.0 125.4 162.1 7.8 1090.0 804.0 100.0 40.57 
141.3 212.0 0.0 203.5 0.0 971.8 748.5 28.0 29.89 
250.2 166.8 0.0 203.5 0.0 977.6 694.1 90.0 47.71 
153.0 102.0 0.0 192.0 0.0 888.0 943.1 90.0 26.32 
167.0 187.0 195.0 185.0 7.0 898.0 636.0 28.0 23.89 
425.0 106.3 0.0 153.5 16.5 852.1 887.1 56.0 64.3 
159.0 149.0 116.0 175.0 15.0 953.0 720.0 28.0 27.68 
349.0 0.0 0.0 192.0 0.0 1056.0 809.0 3.0 15.87 
192.0 288.0 0.0 192.0 0.0 929.8 716.1 3.0 12.79 
152.0 0.0 112.0 184.0 8.0 992.0 816.0 28.0 12.18 
213.7 0.0 174.7 154.8 10.2 1053.5 776.4 14.0 33.73 
212.0 0.0 124.8 159.0 7.8 1085.4 799.5 56.0 45.08 
251.4 0.0 118.3 188.5 6.4 1028.4 757.7 14.0 24.43 
251.4 0.0 118.3 192.9 5.8 1043.6 754.3 100.0 40.15 
251.4 0.0 118.3 192.9 5.8 1043.6 754.3 56.0 39.27 
213.5 0.0 174.2 154.6 11.7 1052.3 775.5 100.0 59.3 
190.3 0.0 125.2 166.6 9.9 1079.0 798.9 3.0 12.55 
151.6 0.0 111.9 184.4 7.9 992.0 815.9 28.0 12.18 
400.0 0.0 0.0 187.0 0.0 1025.0 745.0 7.0 30.14 
254.0 0.0 0.0 198.0 0.0 968.0 863.0 180.0 27.63 
296.0 0.0 107.0 221.0 11.0 819.0 778.0 28.0 31.42 
313.3 145.0 0.0 178.5 8.0 1001.9 688.7 28.0 41.05 
150.0 237.0 0.0 174.0 12.0 1069.0 675.0 28.0 37.43 
200.0 133.0 0.0 192.0 0.0 965.4 806.2 3.0 11.41 
182.0 45.2 122.0 170.2 8.2 1059.4 780.7 14.0 21.5 
339.0 0.0 0.0 185.0 0.0 1069.0 754.0 28.0 31.84 
382.0 0.0 0.0 186.0 0.0 1047.0 739.0 7.0 24.0 
167.4 129.9 128.6 175.5 7.8 1006.3 746.6 28.0 41.2 
314.0 0.0 113.0 170.0 10.0 925.0 783.0 28.0 38.46 
337.9 189.0 0.0 174.9 9.5 944.7 755.8 7.0 35.1 
491.0 26.0 123.0 201.0 3.9 822.0 699.0 28.0 57.92 
485.0 0.0 0.0 146.0 0.0 1120.0 800.0 28.0 71.99 
246.8 0.0 125.1 143.3 12.0 1086.8 800.9 56.0 60.32 
436.0 0.0 0.0 218.0 0.0 838.4 719.7 28.0 23.85 
387.0 20.0 94.0 157.0 11.6 938.0 845.0 28.0 46.68 
310.0 0.0 0.0 192.0 0.0 1012.0 830.0 90.0 35.76 
147.8 175.1 0.0 171.2 2.2 1000.0 828.5 28.0 26.92 
380.0 95.0 0.0 228.0 0.0 932.0 594.0 365.0 43.7 
212.5 0.0 100.4 159.3 8.7 1007.8 903.6 3.0 13.54 
362.6 189.0 0.0 164.9 11.6 944.7 755.8 7.0 55.9 
289.0 0.0 0.0 192.0 0.0 913.2 895.3 28.0 25.57 
450.1 50.0 0.0 200.0 3.0 1124.4 613.2 28.0 39.38 
307.0 0.0 0.0 193.0 0.0 968.0 812.0 365.0 36.15 
401.8 94.7 0.0 147.4 11.4 946.8 852.1 3.0 41.1 
316.1 210.7 0.0 185.7 0.0 977.0 689.3 7.0 24.44 
173.5 50.1 173.5 164.8 6.5 1006.2 793.5 56.0 53.77 
246.8 0.0 125.1 143.3 12.0 1086.8 800.9 14.0 42.22 
220.8 147.2 0.0 185.7 0.0 1055.0 744.3 7.0 13.09 
168.9 42.2 124.3 158.3 10.8 1080.8 796.2 100.0 48.15 
153.0 102.0 0.0 192.0 0.0 888.0 943.1 28.0 17.96 
475.0 118.8 0.0 181.1 8.9 852.1 781.5 7.0 55.6 
152.6 238.7 0.0 200.0 6.3 1001.8 683.9 28.0 26.86 
173.8 93.4 159.9 172.3 9.7 1007.2 746.6 100.0 50.94 
266.0 114.0 0.0 228.0 0.0 932.0 670.0 28.0 45.85 
251.8 0.0 99.9 146.1 12.4 1006.0 899.8 3.0 21.02 
389.9 189.0 0.0 145.9 22.0 944.7 755.8 56.0 79.4 
250.0 0.0 95.7 187.4 5.5 956.9 861.2 56.0 38.33 
314.0 145.3 113.2 178.9 8.0 869.1 690.2 28.0 46.23 
160.2 188.0 146.4 203.2 11.3 828.7 709.7 28.0 35.31 
302.0 0.0 0.0 203.0 0.0 974.0 817.0 28.0 21.75 
446.0 24.0 79.0 162.0 11.6 967.0 712.0 3.0 23.35 
310.0 142.8 0.0 167.9 10.0 914.3 804.0 28.0 45.3 
359.0 19.0 141.0 154.0 10.9 942.0 801.0 28.0 62.94 
213.5 0.0 174.2 154.6 11.7 1052.3 775.5 3.0 17.37 
173.0 116.0 0.0 192.0 0.0 946.8 856.8 28.0 24.28 
160.0 188.0 146.0 203.0 11.0 829.0 710.0 28.0 32.84 
145.0 116.0 119.0 184.0 5.7 833.0 880.0 28.0 29.16 
266.2 112.3 87.5 177.9 10.4 909.7 744.5 28.0 39.42 
159.8 250.0 0.0 168.4 12.2 1049.3 688.2 28.0 39.46 
222.4 0.0 96.7 189.3 4.5 967.1 870.3 3.0 11.58 
313.3 262.2 0.0 175.5 8.6 1046.9 611.8 56.0 64.9 
393.0 0.0 0.0 192.0 0.0 940.6 785.6 90.0 48.85 
334.0 17.6 158.0 189.0 15.3 967.0 633.0 28.0 44.33 
374.0 189.2 0.0 170.1 10.1 926.1 756.7 3.0 34.4 
251.4 0.0 118.3 188.5 6.4 1028.4 757.7 56.0 36.64 
168.9 42.2 124.3 158.3 10.8 1080.8 796.2 56.0 39.15 
318.8 212.5 0.0 155.7 14.3 852.1 880.4 7.0 33.4 
277.0 0.0 0.0 191.0 0.0 968.0 856.0 3.0 11.36 
272.8 181.9 0.0 185.7 0.0 1012.4 714.3 7.0 19.77 
297.2 0.0 117.5 174.8 9.5 1022.8 753.5 28.0 47.4 
122.6 183.9 0.0 203.5 0.0 958.2 800.1 28.0 24.29 
427.5 47.5 0.0 228.0 0.0 932.0 594.0 180.0 41.84 
261.0 100.0 78.0 201.0 9.0 864.0 761.0 28.0 32.4 
194.7 0.0 100.5 165.6 7.5 1006.4 905.9 14.0 24.99 
236.0 0.0 0.0 194.0 0.0 968.0 885.0 90.0 21.95 
156.0 178.0 187.0 221.0 7.0 854.0 614.0 28.0 29.41 
167.0 75.4 167.0 164.0 7.9 1007.3 770.1 3.0 15.52 
480.0 0.0 0.0 192.0 0.0 936.2 712.2 7.0 34.57 
375.0 93.8 0.0 126.6 23.4 852.1 992.6 3.0 29.0 
322.0 0.0 116.0 196.0 10.0 818.0 813.0 28.0 31.18 
218.2 54.6 123.8 140.8 11.9 1075.7 792.7 56.0 61.99 
200.0 133.0 0.0 192.0 0.0 965.4 806.2 28.0 30.44 
228.0 342.1 0.0 185.7 0.0 955.8 674.3 7.0 21.92 
446.0 24.0 79.0 162.0 11.6 967.0 712.0 28.0 44.42 
276.4 116.0 90.3 179.6 8.9 870.1 768.3 28.0 44.28 
425.0 106.3 0.0 153.5 16.5 852.1 887.1 91.0 65.2 
500.0 0.0 0.0 200.0 0.0 1125.0 613.0 14.0 36.94 
298.0 137.0 107.0 201.0 6.0 878.0 655.0 28.0 53.52 
289.0 0.0 0.0 192.0 0.0 913.2 895.3 7.0 14.6 
178.0 129.8 118.6 179.9 3.6 1007.3 746.8 100.0 49.99 
273.0 105.0 82.0 210.0 9.0 904.0 680.0 28.0 37.17 
349.0 0.0 0.0 192.0 0.0 1047.0 806.0 360.0 42.13 
255.0 0.0 0.0 192.0 0.0 889.8 945.0 28.0 18.75 
475.0 118.8 0.0 181.1 8.9 852.1 781.5 56.0 72.3 
238.2 158.8 0.0 185.7 0.0 1040.6 734.3 28.0 26.91 
212.5 0.0 100.4 159.3 8.7 1007.8 903.6 14.0 26.31 
230.0 0.0 118.3 195.5 4.6 1029.4 758.6 3.0 10.03 
362.6 189.0 0.0 164.9 11.6 944.7 755.8 7.0 22.9 
198.6 132.4 0.0 192.0 0.0 978.4 825.5 28.0 28.02 
333.0 0.0 0.0 192.0 0.0 931.2 842.6 7.0 23.4 
312.7 144.7 0.0 127.3 8.0 999.7 822.2 28.0 44.52 
194.7 0.0 100.5 170.2 7.5 998.0 901.8 100.0 44.28 
296.0 0.0 0.0 192.0 0.0 1085.0 765.0 90.0 29.39 
362.6 189.0 0.0 164.9 11.6 944.7 755.8 91.0 79.3 
238.0 0.0 0.0 186.0 0.0 1119.0 789.0 28.0 17.54 
153.0 145.0 113.0 178.0 8.0 867.0 824.0 28.0 26.23 
218.9 0.0 124.1 158.5 11.3 1078.7 794.9 56.0 37.27 
397.0 0.0 0.0 186.0 0.0 1040.0 734.0 28.0 36.94 
145.7 172.6 0.0 181.9 3.4 985.8 816.8 28.0 23.74 
349.0 0.0 0.0 192.0 0.0 1047.0 806.0 7.0 18.13 
277.0 0.0 0.0 191.0 0.0 968.0 856.0 28.0 25.97 
255.0 0.0 0.0 192.0 0.0 889.8 945.0 90.0 21.86 
168.0 42.1 163.8 121.8 5.7 1058.7 780.1 100.0 39.23 
401.8 94.7 0.0 147.4 11.4 946.8 852.1 56.0 73.7 
139.6 209.4 0.0 192.0 0.0 1047.0 806.9 360.0 44.7 
540.0 0.0 0.0 173.0 0.0 1125.0 613.0 270.0 74.17 
397.0 17.2 158.0 167.0 20.8 967.0 633.0 28.0 55.65 
491.0 26.0 123.0 210.0 3.9 882.0 699.0 3.0 25.61 
162.0 190.1 148.1 178.8 18.8 838.1 741.4 28.0 33.76 
359.0 19.0 141.0 154.0 10.9 942.0 801.0 28.0 59.49 
190.7 0.0 125.4 162.1 7.8 1090.0 804.0 56.0 35.34 
237.5 237.5 0.0 228.0 0.0 932.0 594.0 90.0 33.12 
210.7 316.1 0.0 185.7 0.0 977.0 689.3 7.0 21.82 
218.9 0.0 124.1 158.5 11.3 1078.7 794.9 100.0 46.23 
139.6 209.4 0.0 192.0 0.0 1047.0 806.9 7.0 14.59 
425.0 106.3 0.0 153.5 16.5 852.1 887.1 28.0 60.29 
318.0 0.0 126.0 210.0 6.0 861.0 737.0 28.0 40.06 
139.9 132.6 103.3 200.3 7.4 916.0 753.4 28.0 36.44 
148.0 0.0 182.0 181.0 15.0 839.0 884.0 28.0 15.52 
252.3 0.0 98.8 146.3 14.2 987.8 889.0 14.0 42.29 
172.4 13.6 172.4 156.8 4.1 1006.3 856.4 100.0 37.68 
150.0 236.8 0.0 173.8 11.9 1069.3 674.8 28.0 37.43 
157.0 236.0 0.0 192.0 0.0 935.4 781.2 3.0 9.69 
322.2 0.0 115.6 196.0 10.4 817.9 813.4 28.0 31.18 
288.0 192.0 0.0 192.0 0.0 932.0 717.8 28.0 38.8 
362.6 189.0 0.0 164.9 11.6 944.7 755.8 28.0 71.3 
212.0 0.0 124.8 159.0 7.8 1085.4 799.5 3.0 19.52 
288.0 192.0 0.0 192.0 0.0 932.0 717.8 90.0 50.53 
233.8 0.0 94.6 197.9 4.6 947.0 852.2 28.0 22.84 
277.1 0.0 97.4 160.6 11.8 973.9 875.6 56.0 51.04 
218.2 54.6 123.8 140.8 11.9 1075.7 792.7 3.0 27.42 
287.0 121.0 94.0 188.0 9.0 904.0 696.0 28.0 41.94 
295.0 0.0 0.0 185.0 0.0 1069.0 769.0 28.0 25.18 
225.0 0.0 0.0 181.0 0.0 1113.0 833.0 28.0 17.34 
192.0 288.0 0.0 192.0 0.0 929.8 716.1 7.0 21.48 
332.5 142.5 0.0 228.0 0.0 932.0 594.0 28.0 33.02 
238.1 0.0 94.1 186.7 7.0 949.9 847.0 28.0 30.23 
238.1 0.0 94.1 186.7 7.0 949.9 847.0 14.0 25.69 
393.0 0.0 0.0 192.0 0.0 940.0 758.0 3.0 19.11 
168.9 42.2 124.3 158.3 10.8 1080.8 796.2 14.0 23.51 
132.0 206.5 160.9 178.9 5.5 866.9 735.6 28.0 33.31 
375.0 93.8 0.0 126.6 23.4 852.1 992.6 28.0 56.7 
405.0 0.0 0.0 175.0 0.0 1120.0 695.0 28.0 52.3 
159.1 186.7 0.0 175.6 11.3 989.6 788.9 28.0 32.77 
213.5 0.0 174.2 154.6 11.7 1052.3 775.5 28.0 45.94 
231.8 0.0 121.6 174.0 6.7 1056.4 778.5 3.0 15.44 
190.3 0.0 125.2 166.6 9.9 1079.0 798.9 100.0 33.56 
220.8 147.2 0.0 185.7 0.0 1055.0 744.3 28.0 25.75 
173.0 116.0 0.0 192.0 0.0 946.8 856.8 90.0 32.1 
289.0 134.0 0.0 195.0 6.0 924.0 760.0 28.0 46.24 
122.6 183.9 0.0 203.5 0.0 958.2 800.1 90.0 33.19 
446.0 24.0 79.0 162.0 10.3 967.0 712.0 28.0 53.39 
424.0 22.0 132.0 178.0 8.5 822.0 750.0 56.0 65.7 
218.9 0.0 124.1 158.5 11.3 1078.7 794.9 14.0 26.05 
213.5 0.0 174.2 154.6 11.7 1052.3 775.5 56.0 51.43 
218.9 0.0 124.1 158.5 11.3 1078.7 794.9 28.0 30.22 
500.1 0.0 0.0 200.0 3.0 1124.4 613.2 28.0 44.13 
193.5 290.2 0.0 185.7 0.0 998.2 704.3 7.0 17.2 
173.8 93.4 159.9 172.3 9.7 1007.2 746.6 3.0 15.82 
238.1 0.0 0.0 185.7 0.0 1118.8 789.3 7.0 10.34 
233.8 0.0 94.6 197.9 4.6 947.0 852.2 56.0 27.66 
143.6 0.0 174.9 158.4 17.9 942.7 844.5 28.0 15.42 
228.0 342.1 0.0 185.7 0.0 955.8 674.3 28.0 39.7 
387.0 20.0 94.0 157.0 14.3 938.0 845.0 7.0 36.84 
425.0 106.3 0.0 153.5 16.5 852.1 887.1 7.0 49.2 
166.1 0.0 163.3 176.5 4.5 1058.6 780.1 56.0 28.63 
425.0 106.3 0.0 151.4 18.6 936.0 803.7 28.0 61.8 
446.0 24.0 79.0 162.0 11.6 967.0 712.0 56.0 55.25 
102.0 153.0 0.0 192.0 0.0 887.0 942.0 7.0 7.68 
500.0 0.0 0.0 151.0 9.0 1033.0 655.0 28.0 69.84 
331.0 0.0 0.0 192.0 0.0 978.0 825.0 180.0 39.0 
154.0 174.0 185.0 228.0 7.0 845.0 612.0 28.0 24.34 
157.0 236.0 0.0 192.0 0.0 935.4 781.2 28.0 33.66 
236.0 0.0 0.0 194.0 0.0 968.0 885.0 14.0 12.84 
359.0 19.0 141.0 154.0 10.9 942.0 801.0 56.0 66.78 
162.0 207.0 172.0 216.0 10.0 822.0 638.0 28.0 39.84 
165.0 0.0 143.6 163.8 0.0 1005.6 900.9 3.0 14.4 
182.0 45.2 122.0 170.2 8.2 1059.4 780.7 100.0 48.67 
237.5 237.5 0.0 228.0 0.0 932.0 594.0 28.0 30.08 
339.0 0.0 0.0 185.0 0.0 1060.0 754.0 28.0 31.65 
170.3 155.5 0.0 185.7 0.0 1026.6 724.3 7.0 10.73 
362.6 189.0 0.0 164.9 11.6 944.7 755.8 7.0 55.9 
148.5 139.4 108.6 192.7 6.1 892.4 780.0 28.0 23.7 
310.0 0.0 0.0 192.0 0.0 971.0 850.6 3.0 9.87 
152.0 178.0 139.0 168.0 18.0 944.0 695.0 28.0 36.35 
286.3 200.9 0.0 144.7 11.2 1004.6 803.7 28.0 67.7 
475.0 0.0 0.0 228.0 0.0 932.0 594.0 7.0 38.6 
275.1 0.0 121.4 159.5 9.9 1053.6 777.5 56.0 56.85 
298.0 0.0 107.0 164.0 13.0 953.0 784.0 28.0 35.86 
262.0 111.0 86.0 195.0 5.0 895.0 733.0 28.0 33.72 
446.0 24.0 79.0 162.0 11.6 967.0 712.0 3.0 35.36 
349.0 0.0 0.0 192.0 0.0 1056.0 809.0 28.0 33.61 
289.0 0.0 0.0 192.0 0.0 913.2 895.3 90.0 32.07 
218.2 54.6 123.8 140.8 11.9 1075.7 792.7 100.0 63.53 
323.7 282.8 0.0 183.8 10.3 942.7 659.9 56.0 80.2 
150.7 0.0 185.3 166.7 15.6 1074.5 678.0 28.0 13.46 
167.0 75.4 167.0 164.0 7.9 1007.3 770.1 56.0 53.46 
439.0 177.0 0.0 186.0 11.1 884.9 707.9 91.0 73.3 
255.0 99.0 77.0 189.0 6.0 919.0 749.0 28.0 33.8 
173.8 93.4 159.9 172.3 9.7 1007.2 746.6 14.0 29.55 
540.0 0.0 0.0 173.0 0.0 1125.0 613.0 7.0 52.61 
154.8 183.4 0.0 193.3 9.1 877.2 867.7 28.0 23.79 
198.6 132.4 0.0 192.0 0.0 978.4 825.5 7.0 14.64 
480.0 0.0 0.0 192.0 0.0 936.0 721.0 90.0 54.28 
350.0 0.0 0.0 203.0 0.0 974.0 775.0 7.0 18.13 
321.0 0.0 128.0 182.0 11.0 870.0 780.0 28.0 37.26 
246.8 0.0 125.1 143.3 12.0 1086.8 800.9 28.0 52.5 
167.4 129.9 128.6 175.5 7.8 1006.3 746.6 100.0 53.66 
376.0 0.0 0.0 214.6 0.0 1003.5 762.4 28.0 31.97 
166.1 0.0 163.3 176.5 4.5 1058.6 780.1 28.0 21.54 
178.0 129.8 118.6 179.9 3.6 1007.3 746.8 56.0 48.59 
522.0 0.0 0.0 146.0 0.0 896.0 896.0 7.0 50.51 
213.7 98.1 24.5 181.7 6.9 1065.8 785.4 3.0 18.0 
236.0 0.0 0.0 193.0 0.0 968.0 885.0 180.0 24.1 
203.5 305.3 0.0 203.5 0.0 963.4 630.0 7.0 19.54 
427.5 47.5 0.0 228.0 0.0 932.0 594.0 7.0 35.08 
133.0 200.0 0.0 192.0 0.0 927.4 839.2 28.0 27.87 
309.9 142.8 111.2 167.8 22.1 913.9 651.2 28.0 38.22 
159.0 209.0 161.0 201.0 7.0 848.0 669.0 28.0 30.88 
362.6 189.0 0.0 164.9 11.6 944.7 755.8 56.0 77.3 
168.0 42.1 163.8 121.8 5.7 1058.7 780.1 14.0 17.82 
333.0 17.5 163.0 167.0 17.9 996.0 652.0 28.0 47.28 
298.1 0.0 107.5 163.6 12.8 953.2 784.0 28.0 35.87 
331.0 0.0 0.0 192.0 0.0 1025.0 821.0 28.0 31.74 
385.0 0.0 0.0 186.0 0.0 966.0 763.0 7.0 23.22 
250.0 0.0 95.7 191.8 5.3 948.9 857.2 28.0 27.22 
374.0 189.2 0.0 170.1 10.1 926.1 756.7 56.0 63.4 
401.8 94.7 0.0 147.4 11.4 946.8 852.1 28.0 68.5 
275.1 0.0 121.4 159.5 9.9 1053.6 777.5 3.0 23.8 
312.7 0.0 0.0 178.1 8.0 999.7 822.2 28.0 25.1 
190.0 190.0 0.0 228.0 0.0 932.0 670.0 180.0 46.93 
214.9 53.8 121.9 155.6 9.6 1014.3 780.6 28.0 52.2 
380.0 95.0 0.0 228.0 0.0 932.0 594.0 90.0 40.56 
375.0 93.8 0.0 126.6 23.4 852.1 992.6 7.0 45.7 
480.0 0.0 0.0 192.0 0.0 936.2 712.2 3.0 24.4 
331.0 0.0 0.0 192.0 0.0 879.0 825.0 3.0 13.52 
213.7 0.0 174.7 154.8 10.2 1053.5 776.4 28.0 40.15 
155.0 183.0 0.0 193.0 9.0 877.0 868.0 28.0 23.79 
214.9 53.8 121.9 155.6 9.6 1014.3 780.6 100.0 56.63 
190.0 190.0 0.0 228.0 0.0 932.0 670.0 28.0 40.86 
376.0 0.0 0.0 214.6 0.0 1003.5 762.4 3.0 16.28 
310.0 0.0 0.0 192.0 0.0 1012.0 830.0 7.0 17.24 
212.6 0.0 100.4 159.4 10.4 1003.8 903.8 28.0 37.4 
310.0 0.0 0.0 192.0 0.0 1012.0 830.0 120.0 38.7 
500.0 0.0 0.0 200.0 0.0 1125.0 613.0 270.0 55.16 
307.0 0.0 0.0 193.0 0.0 968.0 812.0 3.0 12.54 
424.0 22.0 132.0 178.0 8.5 882.0 750.0 3.0 32.01 
158.6 148.9 116.0 175.1 15.0 953.3 719.7 28.0 27.68 
331.0 0.0 0.0 192.0 0.0 1025.0 821.0 90.0 37.91 
304.8 0.0 99.6 196.0 9.8 959.4 705.2 28.0 30.12 
146.5 114.6 89.3 201.9 8.8 860.0 829.5 28.0 19.99 
500.0 0.0 0.0 200.0 0.0 1125.0 613.0 3.0 26.06 
475.0 0.0 0.0 162.0 9.5 1044.0 662.0 28.0 58.52 
212.0 0.0 124.8 159.0 7.8 1085.4 799.5 100.0 47.82 
151.0 0.0 184.0 167.0 12.0 991.0 772.0 28.0 15.57 
540.0 0.0 0.0 162.0 2.5 1055.0 676.0 28.0 61.89 
286.3 200.9 0.0 144.7 11.2 1004.6 803.7 7.0 38.0 
297.8 137.2 106.9 201.3 6.0 878.4 655.3 28.0 53.52 
446.0 24.0 79.0 162.0 11.6 967.0 712.0 56.0 61.07 
122.6 183.9 0.0 203.5 0.0 958.2 800.1 3.0 3.32 
213.8 98.1 24.5 181.7 6.7 1066.0 785.5 14.0 17.84 
323.7 282.8 0.0 183.8 10.3 942.7 659.9 28.0 74.7 
149.0 117.6 91.7 182.9 7.1 953.4 780.3 28.0 23.52 
212.0 0.0 124.8 159.0 7.8 1085.4 799.5 14.0 31.35 
173.5 50.1 173.5 164.8 6.5 1006.2 793.5 100.0 56.06 
135.7 203.5 0.0 185.7 0.0 1076.2 759.3 28.0 18.2 
356.0 119.0 0.0 160.0 9.0 1061.0 657.0 28.0 59.0 
152.7 144.7 0.0 178.1 8.0 999.7 822.2 28.0 19.01 
287.3 120.5 93.9 187.6 9.2 904.4 695.9 28.0 43.8 
300.0 0.0 0.0 184.0 0.0 1075.0 795.0 28.0 26.85 
290.4 0.0 96.2 168.1 9.4 961.2 865.0 3.0 22.5 
332.5 142.5 0.0 228.0 0.0 932.0 594.0 270.0 40.27 
366.0 187.0 0.0 191.0 7.0 824.0 757.0 28.0 65.91 
380.0 0.0 0.0 228.0 0.0 932.0 670.0 90.0 52.91 
277.1 0.0 97.4 160.6 11.8 973.9 875.6 14.0 41.89 
323.7 282.8 0.0 183.8 10.3 942.7 659.9 3.0 28.3 
252.0 0.0 0.0 185.0 0.0 1111.0 784.0 28.0 19.69 
310.0 143.0 111.0 168.0 22.0 914.0 651.0 28.0 33.69 
339.0 0.0 0.0 197.0 0.0 968.0 781.0 3.0 13.22 
337.9 189.0 0.0 174.9 9.5 944.7 755.8 28.0 49.9 
173.5 50.1 173.5 164.8 6.5 1006.2 793.5 28.0 38.2 
304.0 76.0 0.0 228.0 0.0 932.0 670.0 28.0 47.81 
362.6 189.0 0.0 164.9 11.6 944.7 755.8 91.0 79.3 
375.0 93.8 0.0 126.6 23.4 852.1 992.6 56.0 60.2 
249.1 0.0 98.8 158.1 12.8 987.8 889.0 28.0 30.85 
212.0 141.3 0.0 203.5 0.0 973.4 750.0 3.0 6.81 
387.0 20.0 94.0 157.0 13.9 938.0 845.0 3.0 25.51 
322.0 0.0 0.0 203.0 0.0 974.0 800.0 180.0 29.59 
166.8 250.2 0.0 203.5 0.0 975.6 692.6 3.0 6.9 
167.4 129.9 128.6 175.5 7.8 1006.3 746.6 14.0 31.81 
190.7 0.0 125.4 162.1 7.8 1090.0 804.0 28.0 26.4 
322.5 148.6 0.0 185.8 8.5 951.0 709.5 28.0 52.43 
251.4 0.0 118.3 188.5 6.4 1028.4 757.7 100.0 44.21 
525.0 0.0 0.0 189.0 0.0 1125.0 613.0 270.0 67.11 
251.8 0.0 99.9 146.1 12.4 1006.0 899.8 28.0 33.94 
331.0 0.0 0.0 192.0 0.0 978.0 825.0 90.0 37.23 
261.9 110.5 86.1 195.4 5.0 895.2 732.6 28.0 33.72 
200.0 133.0 0.0 192.0 0.0 965.4 806.2 90.0 43.25 
284.0 120.0 0.0 168.0 7.0 970.0 794.0 28.0 40.93 
387.0 20.0 94.0 157.0 14.3 938.0 845.0 56.0 56.34 
200.0 133.0 0.0 192.0 0.0 965.4 806.2 7.0 17.17 
168.0 42.1 163.8 121.8 5.7 1058.7 780.1 56.0 32.85 
255.5 170.3 0.0 185.7 0.0 1026.6 724.3 7.0 17.24 
380.0 0.0 0.0 228.0 0.0 932.0 670.0 270.0 53.3 
164.0 0.0 200.0 181.0 13.0 849.0 846.0 28.0 15.09 
424.0 22.0 132.0 168.0 8.9 822.0 750.0 56.0 74.36 
276.0 116.0 90.0 180.0 9.0 870.0 768.0 28.0 44.28 
290.4 0.0 96.2 168.1 9.4 961.2 865.0 14.0 34.67 
427.5 47.5 0.0 228.0 0.0 932.0 594.0 90.0 41.54 
166.1 0.0 163.3 176.5 4.5 1058.6 780.1 14.0 25.48 
157.0 236.0 0.0 192.0 0.0 935.4 781.2 7.0 16.89 
202.0 11.0 141.0 206.0 1.7 942.0 801.0 56.0 23.25 
279.8 128.9 100.4 172.4 9.5 825.1 804.9 28.0 52.83 
325.0 0.0 0.0 184.0 0.0 1063.0 783.0 28.0 30.57 
136.4 161.6 125.8 171.6 10.4 922.6 764.4 28.0 29.07 
393.0 0.0 0.0 192.0 0.0 940.6 785.6 3.0 19.2 
397.0 0.0 0.0 185.7 0.0 1040.6 734.3 7.0 25.45 
491.0 26.0 123.0 201.0 3.9 822.0 699.0 3.0 29.55 
212.5 0.0 100.4 159.3 8.7 1007.8 903.6 56.0 42.55 
202.0 11.0 141.0 206.0 1.7 942.0 801.0 28.0 21.97 
424.0 22.0 132.0 168.0 8.9 822.0 750.0 7.0 40.29 
313.0 0.0 113.0 178.0 8.0 1002.0 689.0 28.0 36.8 
213.5 0.0 174.2 159.2 11.7 1043.6 771.9 100.0 52.96 
202.0 11.0 141.0 206.0 1.7 942.0 801.0 3.0 9.85 
164.2 0.0 200.1 181.2 12.6 849.3 846.0 28.0 15.09 
475.0 118.8 0.0 181.1 8.9 852.1 781.5 28.0 68.3 
277.1 0.0 97.4 160.6 11.8 973.9 875.6 3.0 23.14 
251.4 0.0 118.3 188.5 5.8 1028.4 757.7 3.0 17.22 
277.2 97.8 24.5 160.7 11.2 1061.7 782.5 28.0 63.14 
350.0 0.0 0.0 186.0 0.0 1050.0 770.0 7.0 20.28 
313.3 262.2 0.0 175.5 8.6 1046.9 611.8 3.0 28.8 
212.5 0.0 100.4 159.3 8.7 1007.8 903.6 100.0 42.92 
446.0 24.0 79.0 162.0 10.3 967.0 712.0 56.0 54.77 
295.7 0.0 95.6 171.5 8.9 955.1 859.2 3.0 22.95 
300.0 0.0 0.0 184.0 0.0 1075.0 795.0 7.0 15.58 
304.0 76.0 0.0 228.0 0.0 932.0 670.0 90.0 49.19 
342.0 38.0 0.0 228.0 0.0 932.0 670.0 180.0 52.12 
167.0 75.4 167.0 164.0 7.9 1007.3 770.1 14.0 32.9 
310.0 143.0 0.0 168.0 10.0 914.0 804.0 28.0 45.3 
350.0 0.0 0.0 203.0 0.0 974.0 775.0 90.0 31.35 
212.5 0.0 100.4 159.3 8.7 1007.8 903.6 28.0 31.64 
304.0 140.0 0.0 214.0 6.0 895.0 722.0 28.0 33.42 
379.5 151.2 0.0 153.9 15.9 1134.3 605.0 28.0 52.2 
236.9 91.7 71.5 246.9 6.0 852.9 695.4 28.0 28.63 
252.0 97.0 76.0 194.0 8.0 835.0 821.0 28.0 33.4 
380.0 0.0 0.0 228.0 0.0 932.0 670.0 365.0 52.52 
380.0 95.0 0.0 228.0 0.0 932.0 594.0 28.0 36.45 
230.0 0.0 118.3 195.5 4.6 1029.4 758.6 56.0 31.54 
165.0 128.5 132.1 175.1 8.1 1005.8 746.6 28.0 46.39 
190.3 0.0 125.2 166.6 9.9 1079.0 798.9 14.0 19.42 
135.0 105.0 193.0 196.0 6.0 965.0 643.0 28.0 21.91 
153.1 145.0 113.0 178.5 8.0 1001.9 688.7 28.0 25.56 
307.0 0.0 0.0 193.0 0.0 968.0 812.0 180.0 34.49 
135.0 0.0 166.0 180.0 10.0 961.0 805.0 28.0 13.29 
380.0 95.0 0.0 228.0 0.0 932.0 594.0 7.0 32.82 
252.3 0.0 98.8 146.3 14.2 987.8 889.0 100.0 60.95 
362.6 189.0 0.0 164.9 11.6 944.7 755.8 28.0 71.3 
313.3 262.2 0.0 175.5 8.6 1046.9 611.8 28.0 59.8 
362.6 189.0 0.0 164.9 11.6 944.7 755.8 56.0 77.3 
212.1 0.0 121.6 180.3 5.7 1057.6 779.3 28.0 24.9 
153.0 145.0 113.0 178.0 8.0 1002.0 689.0 28.0 25.56 
388.6 97.1 0.0 157.9 12.1 852.1 925.7 7.0 34.9 
314.0 145.0 113.0 179.0 8.0 869.0 690.0 28.0 46.23 
280.0 129.0 100.0 172.0 9.0 825.0 805.0 28.0 52.82 
382.0 0.0 0.0 185.0 0.0 1047.0 739.0 28.0 37.42 
425.0 106.3 0.0 153.5 16.5 852.1 887.1 3.0 33.4 
277.1 0.0 97.4 160.6 11.8 973.9 875.6 28.0 48.28 
167.0 75.4 167.0 164.0 7.9 1007.3 770.1 100.0 56.81 
401.8 94.7 0.0 147.4 11.4 946.8 852.1 91.0 75.5 
380.0 95.0 0.0 228.0 0.0 932.0 594.0 180.0 40.76 
401.8 94.7 0.0 147.4 11.4 946.8 852.1 7.0 54.1 
213.5 0.0 174.2 159.2 11.7 1043.6 771.9 28.0 44.64 
446.0 24.0 79.0 162.0 11.6 967.0 712.0 7.0 39.3 
181.4 0.0 167.0 169.6 7.6 1055.6 777.8 100.0 45.37 
213.5 0.0 174.2 154.6 11.7 1052.3 775.5 14.0 33.7 
186.2 124.1 0.0 185.7 0.0 1083.4 764.3 28.0 17.6 
313.3 262.2 0.0 175.5 8.6 1046.9 611.8 91.0 66.6 
190.3 0.0 125.2 161.9 9.9 1088.1 802.6 14.0 22.72 
153.0 102.0 0.0 192.0 0.0 888.0 943.1 7.0 8.37 
374.0 189.2 0.0 170.1 10.1 926.1 756.7 91.0 64.9 
149.0 153.0 194.0 192.0 8.0 935.0 623.0 28.0 24.58 
166.8 250.2 0.0 203.5 0.0 975.6 692.6 28.0 33.95 
213.8 98.1 24.5 181.7 6.7 1066.0 785.5 100.0 49.97 
297.2 0.0 117.5 174.8 9.5 1022.8 753.5 14.0 36.99 
374.0 189.2 0.0 170.1 10.1 926.1 756.7 7.0 46.2 
145.9 230.5 0.0 202.5 3.4 827.0 871.8 28.0 32.72 
382.0 0.0 0.0 186.0 0.0 1111.0 784.0 7.0 11.47 
165.0 128.5 132.1 175.1 8.1 1005.8 746.6 56.0 53.72 
355.9 0.0 141.6 193.3 11.0 801.4 778.4 28.0 40.87 
337.9 189.0 0.0 174.9 9.5 944.7 755.8 3.0 24.1 
307.0 0.0 0.0 193.0 0.0 968.0 812.0 28.0 27.53 
376.0 0.0 0.0 214.6 0.0 1003.5 762.4 14.0 25.62 
165.0 128.5 132.1 175.1 8.1 1005.8 746.6 3.0 19.42 
313.0 161.0 0.0 178.0 10.0 917.0 759.0 28.0 52.44 
332.5 142.5 0.0 228.0 0.0 932.0 594.0 365.0 41.05 
155.0 0.0 143.0 193.0 9.0 877.0 868.0 28.0 9.74 
382.0 0.0 0.0 186.0 0.0 1047.0 739.0 28.0 37.42 
149.0 139.0 109.0 193.0 6.0 892.0 780.0 28.0 23.69 
229.7 0.0 118.2 195.2 6.1 1028.1 757.6 14.0 22.32 
491.0 26.0 123.0 210.0 3.9 882.0 699.0 28.0 55.55 
116.0 173.0 0.0 192.0 0.0 909.8 891.9 3.0 6.28 
231.8 0.0 121.6 174.0 6.7 1056.4 778.5 28.0 33.73 
133.0 210.0 0.0 196.0 3.0 949.0 795.0 28.0 31.03 
277.0 0.0 0.0 191.0 0.0 968.0 856.0 14.0 21.26 
427.5 47.5 0.0 228.0 0.0 932.0 594.0 270.0 43.01 
304.0 76.0 0.0 228.0 0.0 932.0 670.0 270.0 54.38 
236.0 157.0 0.0 192.0 0.0 972.6 749.1 90.0 47.78 
154.0 144.0 112.0 220.0 10.0 923.0 658.0 28.0 16.5 
296.0 0.0 106.7 221.4 10.5 819.2 778.4 28.0 31.42 
237.0 92.0 71.0 247.0 6.0 853.0 695.0 28.0 28.63 
168.9 42.2 124.3 158.3 10.8 1080.8 796.2 28.0 31.12 
475.0 118.8 0.0 181.1 8.9 852.1 781.5 3.0 37.8 
102.0 153.0 0.0 192.0 0.0 887.0 942.0 28.0 17.28 
155.6 243.5 0.0 180.3 10.7 1022.0 697.7 28.0 37.36 
173.0 116.0 0.0 192.0 0.0 946.8 856.8 3.0 6.94 
310.0 0.0 0.0 192.0 0.0 1012.0 830.0 3.0 11.85 
102.0 153.0 0.0 192.0 0.0 887.0 942.0 90.0 25.46 
277.2 97.8 24.5 160.7 11.2 1061.7 782.5 14.0 47.71 
297.2 0.0 117.5 174.8 9.5 1022.8 753.5 100.0 56.74 
307.0 0.0 0.0 193.0 0.0 968.0 812.0 90.0 32.92 
250.2 166.8 0.0 203.5 0.0 977.6 694.1 7.0 19.35 
166.1 0.0 163.3 176.5 4.5 1058.6 780.1 3.0 10.76 
350.0 0.0 0.0 203.0 0.0 974.0 775.0 14.0 22.53 
158.0 0.0 195.0 220.0 11.0 898.0 713.0 28.0 8.54 
134.7 0.0 165.7 180.2 10.0 961.0 804.9 28.0 13.29 
229.7 0.0 118.2 195.2 6.1 1028.1 757.6 28.0 24.54 
303.6 139.9 0.0 213.5 6.2 895.5 722.5 28.0 33.42 
305.0 0.0 100.0 196.0 10.0 959.0 705.0 28.0 30.12 
286.3 200.9 0.0 144.7 11.2 1004.6 803.7 56.0 72.99 
374.0 189.2 0.0 170.1 10.1 926.1 756.7 28.0 61.09 
330.5 169.6 0.0 194.9 8.1 811.0 802.3 28.0 56.62 
213.7 0.0 174.7 154.8 10.2 1053.5 776.4 100.0 50.08 
250.0 0.0 95.7 187.4 5.5 956.9 861.2 14.0 24.92 
160.0 128.0 122.0 182.0 6.4 824.0 879.0 28.0 39.4 
231.8 0.0 121.6 174.0 6.7 1056.4 778.5 56.0 42.7 
281.0 0.0 0.0 185.0 0.0 1104.0 774.0 28.0 22.44 
385.0 0.0 0.0 186.0 0.0 966.0 763.0 14.0 27.92 
141.3 212.0 0.0 203.5 0.0 971.8 748.5 3.0 4.83 
231.8 0.0 121.6 174.0 6.7 1056.4 778.5 100.0 45.84 
298.1 0.0 107.0 186.4 6.1 879.0 815.2 28.0 42.64 
250.0 180.0 95.0 159.0 9.5 860.0 800.0 28.0 67.87 
252.0 0.0 0.0 186.0 0.0 1111.0 784.0 7.0 11.47 
133.0 200.0 0.0 192.0 0.0 927.4 839.2 3.0 6.88 
194.7 0.0 100.5 170.2 7.5 998.0 901.8 28.0 37.27 
236.0 0.0 0.0 193.0 0.0 968.0 885.0 7.0 9.99 
339.0 0.0 0.0 197.0 0.0 968.0 781.0 180.0 36.45 
290.2 193.5 0.0 185.7 0.0 998.2 704.3 28.0 33.04 
158.4 0.0 194.9 219.7 11.0 897.7 712.9 28.0 8.54 
277.0 116.8 91.0 190.6 7.0 946.5 665.6 28.0 43.58 
331.0 0.0 0.0 192.0 0.0 978.0 825.0 28.0 31.45 
162.0 190.0 148.0 179.0 19.0 838.0 741.0 28.0 33.76 
331.0 0.0 0.0 192.0 0.0 1025.0 821.0 120.0 39.38 
331.0 0.0 0.0 192.0 0.0 978.0 825.0 360.0 41.24 
222.4 0.0 96.7 189.3 4.5 967.1 870.3 14.0 24.45 
540.0 0.0 0.0 173.0 0.0 1125.0 613.0 90.0 69.66 
218.2 54.6 123.8 140.8 11.9 1075.7 792.7 14.0 35.96 
424.0 22.0 132.0 168.0 8.9 822.0 750.0 28.0 72.1 
362.6 189.0 0.0 164.9 11.6 944.7 755.8 3.0 35.3 
480.0 0.0 0.0 192.0 0.0 936.0 721.0 28.0 43.89 
143.0 169.4 142.7 190.7 8.4 967.4 643.5 28.0 29.73 
108.3 162.4 0.0 203.5 0.0 938.2 849.0 28.0 20.59 
190.0 190.0 0.0 228.0 0.0 932.0 670.0 365.0 53.69 
425.0 106.3 0.0 153.5 16.5 852.1 887.1 91.0 65.2 
469.0 117.2 0.0 137.8 32.2 852.1 840.5 56.0 69.3 
321.4 0.0 127.9 182.5 11.5 870.1 779.7 28.0 37.27 
254.0 0.0 0.0 198.0 0.0 968.0 863.0 90.0 26.94 
374.3 0.0 0.0 190.2 6.7 1013.2 730.4 28.0 39.06 
154.8 0.0 142.8 193.3 9.1 1047.4 696.7 28.0 12.46 
424.0 22.0 132.0 178.0 8.5 822.0 750.0 7.0 39.0 
310.0 0.0 0.0 192.0 0.0 970.0 850.0 7.0 14.99 
277.0 0.0 0.0 191.0 0.0 968.0 856.0 360.0 33.7 
153.0 239.0 0.0 200.0 6.0 1002.0 684.0 28.0 26.86 
393.0 0.0 0.0 192.0 0.0 940.6 785.6 7.0 27.74 
375.0 0.0 0.0 186.0 0.0 1038.0 758.0 28.0 38.21 
332.5 142.5 0.0 228.0 0.0 932.0 594.0 180.0 39.78 
251.8 0.0 99.9 146.1 12.4 1006.0 899.8 56.0 44.14 
387.0 20.0 94.0 157.0 11.6 938.0 845.0 3.0 34.77 
425.0 106.3 0.0 151.4 18.6 936.0 803.7 91.0 66.7 
144.0 170.0 133.0 192.0 8.0 814.0 805.0 28.0 29.87 
439.0 177.0 0.0 186.0 11.1 884.9 707.9 3.0 39.3 
212.1 0.0 121.6 180.3 5.7 1057.6 779.3 100.0 39.61 
182.0 45.2 122.0 170.2 8.2 1059.4 780.7 3.0 7.32 
214.9 53.8 121.9 155.6 9.6 1014.3 780.6 14.0 38.6 
284.0 119.7 0.0 168.3 7.2 970.4 794.2 28.0 40.93 
149.0 118.0 92.0 183.0 7.0 953.0 780.0 28.0 23.52 
318.8 212.5 0.0 155.7 14.3 852.1 880.4 91.0 68.1 
540.0 0.0 0.0 173.0 0.0 1125.0 613.0 28.0 67.31 
194.7 0.0 100.5 165.6 7.5 1006.4 905.9 28.0 25.72 
350.0 0.0 0.0 186.0 0.0 1050.0 770.0 28.0 34.29 
181.4 0.0 167.0 169.6 7.6 1055.6 777.8 56.0 35.57 
250.0 0.0 95.7 187.4 5.5 956.9 861.2 100.0 42.35 
305.3 203.5 0.0 203.5 0.0 965.4 631.0 90.0 54.6 
250.0 0.0 0.0 182.0 0.0 1100.0 820.0 7.0 12.73 
500.0 0.0 0.0 140.0 4.0 966.0 853.0 28.0 67.57 
165.0 128.5 132.1 175.1 8.1 1005.8 746.6 14.0 33.09 
318.8 212.5 0.0 155.7 14.3 852.1 880.4 3.0 25.2 
318.8 212.5 0.0 155.7 14.3 852.1 880.4 56.0 66.1 
349.0 0.0 0.0 192.0 0.0 1056.0 809.0 90.0 40.66 
190.3 0.0 125.2 161.9 9.9 1088.1 802.6 3.0 9.45 
333.0 0.0 0.0 192.0 0.0 931.2 842.6 28.0 31.97 
173.8 93.4 159.9 172.3 9.7 1007.2 746.6 28.0 37.81 
326.5 0.0 137.9 199.0 10.8 801.1 792.5 28.0 38.63 
266.0 114.0 0.0 228.0 0.0 932.0 670.0 365.0 52.91 
252.3 0.0 98.8 146.3 14.2 987.8 889.0 3.0 21.78 
213.7 98.1 24.5 181.7 6.9 1065.8 785.4 56.0 50.77 
236.0 0.0 0.0 194.0 0.0 968.0 885.0 3.0 6.47 
285.0 190.0 0.0 163.0 7.6 1031.0 685.0 28.0 53.58 
251.4 0.0 118.3 192.9 5.8 1043.6 754.3 3.0 11.98 
251.4 0.0 118.3 188.5 5.8 1028.4 757.7 100.0 43.58 
313.3 0.0 113.0 178.5 8.0 1001.9 688.7 28.0 36.8 
313.0 145.0 0.0 127.0 8.0 1000.0 822.0 28.0 44.52 
234.0 156.0 0.0 189.0 5.9 981.0 760.0 28.0 39.3 
230.0 0.0 118.3 195.5 4.6 1029.4 758.6 14.0 20.08 
251.4 0.0 118.3 188.5 6.4 1028.4 757.7 28.0 32.66 
213.7 0.0 174.7 154.8 10.2 1053.5 776.4 56.0 46.64 
424.0 22.0 132.0 168.0 8.9 822.0 750.0 3.0 32.11 
295.7 0.0 95.6 171.5 8.9 955.1 859.2 28.0 39.94 
153.0 102.0 0.0 192.0 0.0 888.0 943.1 3.0 4.78 
168.9 42.2 124.3 158.3 10.8 1080.8 796.2 3.0 7.4 
500.0 0.0 0.0 200.0 0.0 1125.0 613.0 90.0 47.22 
190.0 190.0 0.0 228.0 0.0 932.0 670.0 270.0 50.66 
165.0 0.0 150.0 182.0 12.0 1023.0 729.0 28.0 18.03 
151.0 0.0 185.0 167.0 16.0 1074.0 678.0 28.0 13.46 
165.0 0.0 143.6 163.8 0.0 1005.6 900.9 100.0 37.96 
425.0 106.3 0.0 153.5 16.5 852.1 887.1 7.0 49.2 
359.0 19.0 141.0 154.0 10.9 942.0 801.0 7.0 38.61 
198.6 132.4 0.0 192.0 0.0 978.4 825.5 180.0 41.72 
229.7 0.0 118.2 195.2 6.1 1028.1 757.6 100.0 40.86 
522.0 0.0 0.0 146.0 0.0 896.0 896.0 28.0 74.99 
182.0 45.2 122.0 170.2 8.2 1059.4 780.7 56.0 43.5 
397.0 0.0 0.0 185.7 0.0 1040.6 734.3 28.0 33.08 
194.7 0.0 100.5 170.2 7.5 998.0 901.8 3.0 12.18 
326.0 166.0 0.0 174.0 9.0 882.0 790.0 28.0 61.23 
359.0 19.0 141.0 154.0 10.9 942.0 801.0 56.0 68.75 
190.3 0.0 125.2 166.6 9.9 1079.0 798.9 56.0 31.72 
288.0 192.0 0.0 192.0 0.0 932.0 717.8 3.0 16.11 
148.0 0.0 137.0 158.0 16.0 1002.0 830.0 28.0 17.95 
284.0 15.0 141.0 179.0 5.5 842.0 801.0 7.0 24.13 
170.3 155.5 0.0 185.7 0.0 1026.6 724.3 28.0 25.73 
266.0 114.0 0.0 228.0 0.0 932.0 670.0 180.0 48.7 
168.0 42.1 163.8 121.8 5.7 1058.7 780.1 3.0 7.75 
305.3 203.5 0.0 203.5 0.0 965.4 631.0 28.0 43.38 
379.5 151.2 0.0 153.9 15.9 1134.3 605.0 3.0 28.6 
252.1 97.1 75.6 193.8 8.3 835.5 821.4 28.0 33.4 
275.1 0.0 121.4 159.5 9.9 1053.6 777.5 28.0 51.33 
385.0 0.0 0.0 186.0 0.0 966.0 763.0 3.0 14.7 
349.0 0.0 0.0 192.0 0.0 1047.0 806.9 3.0 15.05 
296.0 0.0 0.0 186.0 0.0 1090.0 769.0 28.0 25.18 
158.8 238.2 0.0 185.7 0.0 1040.6 734.3 28.0 21.07 
322.0 0.0 0.0 203.0 0.0 974.0 800.0 28.0 25.18 
236.0 157.0 0.0 192.0 0.0 972.6 749.1 3.0 13.57 
214.9 53.8 121.9 155.6 9.6 1014.3 780.6 56.0 53.96 
165.0 0.0 143.6 163.8 0.0 1005.6 900.9 14.0 16.88 
147.0 115.0 89.0 202.0 9.0 860.0 829.0 28.0 19.99 
298.0 0.0 107.0 210.0 11.0 880.0 744.0 28.0 31.87 
194.7 0.0 100.5 165.6 7.5 1006.4 905.9 100.0 37.34 
154.8 183.4 0.0 193.3 9.1 1047.4 696.7 28.0 18.29 
143.7 170.2 132.6 191.6 8.5 814.1 805.3 28.0 29.87 
277.0 0.0 0.0 191.0 0.0 968.0 856.0 180.0 32.33 
222.4 0.0 96.7 189.3 4.5 967.1 870.3 28.0 24.89 
322.0 149.0 0.0 186.0 8.0 951.0 709.0 28.0 52.42 
475.0 0.0 0.0 228.0 0.0 932.0 594.0 28.0 39.29 
362.6 189.0 0.0 164.9 11.6 944.7 755.8 56.0 77.3 
252.0 0.0 0.0 185.0 0.0 1111.0 784.0 7.0 13.71 
425.0 106.3 0.0 153.5 16.5 852.1 887.1 56.0 64.3 
339.0 0.0 0.0 185.0 0.0 1069.0 754.0 7.0 21.16 
381.4 0.0 0.0 185.7 0.0 1104.6 784.3 7.0 14.54 
289.0 133.7 0.0 194.9 5.5 924.1 760.1 28.0 46.25 
500.0 0.0 0.0 200.0 0.0 1125.0 613.0 7.0 33.21 
290.4 0.0 96.2 168.1 9.4 961.2 865.0 28.0 34.74 
366.0 187.0 0.0 191.3 6.6 824.3 756.9 28.0 65.91 
277.0 117.0 91.0 191.0 7.0 946.0 666.0 28.0 43.57 
136.0 162.0 126.0 172.0 10.0 923.0 764.0 28.0 29.07 
172.4 13.6 172.4 156.8 4.1 1006.3 856.4 28.0 33.69 
172.4 13.6 172.4 156.8 4.1 1006.3 856.4 56.0 35.85 
213.8 98.1 24.5 181.7 6.7 1066.0 785.5 3.0 13.18 
212.0 141.3 0.0 203.5 0.0 973.4 750.0 7.0 15.03 
297.2 0.0 117.5 174.8 9.5 1022.8 753.5 3.0 21.91 
165.0 0.0 143.6 163.8 0.0 1005.6 900.9 56.0 36.56 
362.6 189.0 0.0 164.9 11.6 944.7 755.8 3.0 35.3 
165.0 128.5 132.1 175.1 8.1 1005.8 746.6 100.0 55.02 
252.3 0.0 98.8 146.3 14.2 987.8 889.0 56.0 55.83 
141.3 212.0 0.0 203.5 0.0 971.8 748.5 7.0 10.39 
374.0 0.0 0.0 190.0 7.0 1013.0 730.0 28.0 39.05 
145.0 0.0 179.0 202.0 8.0 824.0 869.0 28.0 10.54 
