290.4 0.0 96.2 168.1 9.4 961.2 865.0 28.0 34.74 
375.0 0.0 0.0 186.0 0.0 1038.0 758.0 7.0 26.06 
331.0 170.0 0.0 195.0 8.0 811.0 802.0 28.0 56.61 
304.0 76.0 0.0 228.0 0.0 932.0 670.0 90.0 49.19 
500.1 0.0 0.0 200.0 3.0 1124.4 613.2 28.0 44.13 
266.2 112.3 87.5 177.9 10.4 909.7 744.5 28.0 39.42 
313.0 145.0 0.0 178.0 8.0 1002.0 689.0 28.0 41.05 
349.0 0.0 0.0 192.0 0.0 1047.0 806.0 180.0 41.05 
446.0 24.0 79.0 162.0 11.6 967.0 712.0 7.0 38.02 
167.0 75.4 167.0 164.0 7.9 1007.3 770.1 3.0 15.52 
229.7 0.0 118.2 195.2 6.1 1028.1 757.6 14.0 22.32 
310.0 142.8 0.0 167.9 10.0 914.3 804.0 28.0 45.3 
213.7 98.1 24.5 181.7 6.9 1065.8 785.4 100.0 53.9 
213.7 0.0 174.7 154.8 10.2 1053.5 776.4 14.0 33.73 
172.4 13.6 172.4 156.8 4.1 1006.3 856.4 3.0 21.29 
339.0 0.0 0.0 185.0 0.0 1069.0 754.0 28.0 31.84 
251.4 0.0 118.3 192.9 5.8 1043.6 754.3 56.0 39.27 
307.0 0.0 0.0 193.0 0.0 968.0 812.0 28.0 27.53 
318.8 212.5 0.0 155.7 14.3 852.1 880.4 28.0 55.5 
213.5 0.0 174.2 159.2 11.7 1043.6 771.9 28.0 44.64 
236.0 0.0 0.0 194.0 0.0 968.0 885.0 90.0 21.95 
362.6 189.0 0.0 164.9 11.6 944.7 755.8 56.0 77.3 
310.0 0.0 0.0 192.0 0.0 971.0 850.6 3.0 9.87 
389.9 189.0 0.0 145.9 22.0 944.7 755.8 56.0 79.4 
145.9 230.5 0.0 202.5 3.4 827.0 871.8 28.0 32.72 
331.0 0.0 0.0 192.0 0.0 978.0 825.0 7.0 16.26 
284.0 15.0 141.0 179.0 5.5 842.0 801.0 28.0 43.73 
190.3 0.0 125.2 166.6 9.9 1079.0 798.9 100.0 33.56 
359.0 19.0 141.0 154.0 10.9 942.0 801.0 56.0 66.78 
172.4 13.6 172.4 156.8 4.1 1006.3 856.4 100.0 37.68 
380.0 0.0 0.0 228.0 0.0 932.0 670.0 365.0 52.52 
186.2 124.1 0.0 185.7 0.0 1083.4 764.3 7.0 8.0 
160.0 188.0 146.0 203.0 11.0 829.0 710.0 28.0 32.84 
350.0 0.0 0.0 186.0 0.0 1050.0 770.0 7.0 20.28 
135.7 203.5 0.0 185.7 0.0 1076.2 759.3 28.0 18.2 
238.1 0.0 94.1 186.7 7.0 949.9 847.0 56.0 39.59 
305.3 203.5 0.0 203.5 0.0 965.4 631.0 90.0 54.6 
136.4 161.6 125.8 171.6 10.4 922.6 764.4 28.0 29.07 
500.0 0.0 0.0 200.0 0.0 1125.0 613.0 3.0 26.06 
148.0 0.0 182.0 181.0 15.0 839.0 884.0 28.0 15.52 
249.1 0.0 98.8 158.1 12.8 987.8 889.0 3.0 15.36 
133.0 200.0 0.0 192.0 0.0 927.4 839.2 90.0 36.59 
200.0 0.0 0.0 180.0 0.0 1125.0 845.0 28.0 12.25 
157.0 236.0 0.0 192.0 0.0 935.4 781.2 3.0 9.69 
540.0 0.0 0.0 162.0 2.5 1040.0 676.0 28.0 79.99 
277.0 0.0 0.0 191.0 0.0 968.0 856.0 180.0 32.33 
304.0 76.0 0.0 228.0 0.0 932.0 670.0 28.0 47.81 
288.0 192.0 0.0 192.0 0.0 932.0 717.8 3.0 16.11 
134.7 0.0 165.7 180.2 10.0 961.0 804.9 28.0 13.29 
230.0 0.0 118.3 195.5 4.6 1029.4 758.6 3.0 10.03 
500.0 0.0 0.0 200.0 0.0 1125.0 613.0 180.0 51.04 
252.3 0.0 98.8 146.3 14.2 987.8 889.0 100.0 60.95 
249.1 0.0 98.8 158.1 12.8 987.8 889.0 14.0 28.68 
388.6 97.1 0.0 157.9 12.1 852.1 925.7 3.0 28.1 
166.1 0.0 163.3 176.5 4.5 1058.6 780.1 3.0 10.76 
349.0 0.0 0.0 192.0 0.0 1056.0 809.0 7.0 9.01 
287.0 121.0 94.0 188.0 9.0 904.0 696.0 28.0 41.94 
146.5 114.6 89.3 201.9 8.8 860.0 829.5 28.0 19.99 
323.7 282.8 0.0 183.8 10.3 942.7 659.9 28.0 74.7 
254.0 0.0 0.0 198.0 0.0 968.0 863.0 180.0 27.63 
167.4 129.9 128.6 175.5 7.8 1006.3 746.6 100.0 53.66 
250.0 0.0 95.7 191.8 5.3 948.9 857.2 3.0 8.49 
102.0 153.0 0.0 192.0 0.0 887.0 942.0 3.0 4.57 
140.0 164.0 128.0 237.0 6.0 869.0 656.0 28.0 35.23 
122.6 183.9 0.0 203.5 0.0 958.2 800.1 7.0 10.35 
153.0 145.0 0.0 178.0 8.0 1000.0 822.0 28.0 19.01 
149.0 139.0 109.0 193.0 6.0 892.0 780.0 28.0 23.69 
446.0 24.0 79.0 162.0 11.6 967.0 712.0 28.0 51.02 
141.3 212.0 0.0 203.5 0.0 971.8 748.5 90.0 39.66 
165.0 128.5 132.1 175.1 8.1 1005.8 746.6 56.0 53.72 
382.5 0.0 0.0 185.7 0.0 1047.8 739.3 28.0 37.44 
202.0 11.0 141.0 206.0 1.7 942.0 801.0 7.0 15.07 
151.0 0.0 185.0 167.0 16.0 1074.0 678.0 28.0 13.46 
212.5 0.0 100.4 159.3 8.7 1007.8 903.6 100.0 42.92 
136.0 162.0 126.0 172.0 10.0 923.0 764.0 28.0 29.07 
250.0 0.0 95.7 187.4 5.5 956.9 861.2 28.0 29.22 
238.1 0.0 0.0 185.7 0.0 1118.8 789.3 28.0 17.58 
150.0 237.0 0.0 174.0 12.0 1069.0 675.0 28.0 37.43 
173.8 93.4 159.9 172.3 9.7 1007.2 746.6 3.0 15.82 
225.0 0.0 0.0 181.0 0.0 1113.0 833.0 7.0 11.17 
149.0 236.0 0.0 176.0 13.0 847.0 893.0 28.0 32.96 
213.7 0.0 174.7 154.8 10.2 1053.5 776.4 56.0 46.64 
385.0 0.0 0.0 186.0 0.0 966.0 763.0 28.0 31.35 
505.0 0.0 60.0 195.0 0.0 1030.0 630.0 28.0 64.02 
500.0 0.0 0.0 200.0 0.0 1125.0 613.0 270.0 55.16 
194.7 0.0 100.5 170.2 7.5 998.0 901.8 56.0 43.39 
190.3 0.0 125.2 161.9 9.9 1088.1 802.6 28.0 28.47 
393.0 0.0 0.0 192.0 0.0 940.0 758.0 90.0 48.79 
362.6 189.0 0.0 164.9 11.6 944.7 755.8 91.0 79.3 
272.8 181.9 0.0 185.7 0.0 1012.4 714.3 7.0 19.77 
339.2 0.0 0.0 185.7 0.0 1069.2 754.3 28.0 31.9 
401.8 94.7 0.0 147.4 11.4 946.8 852.1 7.0 54.1 
166.8 250.2 0.0 203.5 0.0 975.6 692.6 90.0 43.57 
139.6 209.4 0.0 192.0 0.0 1047.0 806.9 360.0 44.7 
350.0 0.0 0.0 203.0 0.0 974.0 775.0 180.0 32.72 
288.0 121.0 0.0 177.0 7.0 908.0 829.0 28.0 42.13 
165.0 0.0 150.0 182.0 12.0 1023.0 729.0 28.0 18.03 
296.0 0.0 0.0 186.0 0.0 1090.0 769.0 7.0 18.91 
166.0 259.7 0.0 183.2 12.7 858.8 826.8 28.0 37.92 
425.0 106.3 0.0 153.5 16.5 852.1 887.1 3.0 33.4 
259.9 100.6 78.4 170.6 10.4 935.7 762.9 28.0 49.77 
212.5 0.0 100.4 159.3 8.7 1007.8 903.6 56.0 42.55 
480.0 0.0 0.0 192.0 0.0 936.2 712.2 3.0 24.4 
251.4 0.0 118.3 192.9 5.8 1043.6 754.3 14.0 20.73 
116.0 173.0 0.0 192.0 0.0 909.8 891.9 7.0 10.09 
321.4 0.0 127.9 182.5 11.5 870.1 779.7 28.0 37.27 
266.0 112.0 87.0 178.0 10.0 910.0 745.0 28.0 39.42 
295.7 0.0 95.6 171.5 8.9 955.1 859.2 3.0 22.95 
139.6 209.4 0.0 192.0 0.0 1047.0 806.9 28.0 28.24 
362.6 189.0 0.0 164.9 11.6 944.7 755.8 3.0 35.3 
148.1 0.0 136.6 158.1 16.1 1001.8 830.1 28.0 17.96 
295.7 0.0 95.6 171.5 8.9 955.1 859.2 28.0 39.94 
401.8 94.7 0.0 147.4 11.4 946.8 852.1 28.0 68.5 
355.0 19.0 97.0 145.0 12.3 967.0 871.0 28.0 55.45 
203.5 135.7 0.0 185.7 0.0 1076.2 759.3 28.0 22.63 
213.5 0.0 174.2 154.6 11.7 1052.3 775.5 14.0 33.7 
307.0 0.0 0.0 193.0 0.0 968.0 812.0 180.0 34.49 
480.0 0.0 0.0 192.0 0.0 936.2 712.2 28.0 43.94 
192.0 288.0 0.0 192.0 0.0 929.8 716.1 28.0 39.32 
212.1 0.0 121.6 180.3 5.7 1057.6 779.3 3.0 12.47 
165.0 0.0 143.6 163.8 0.0 1005.6 900.9 3.0 14.4 
277.0 0.0 0.0 191.0 0.0 968.0 856.0 360.0 33.7 
425.0 106.3 0.0 153.5 16.5 852.1 887.1 3.0 33.4 
172.4 13.6 172.4 156.8 4.1 1006.3 856.4 56.0 35.85 
218.9 0.0 124.1 158.5 11.3 1078.7 794.9 100.0 46.23 
313.0 0.0 113.0 178.0 8.0 1002.0 689.0 28.0 36.8 
323.7 282.8 0.0 183.8 10.3 942.7 659.9 3.0 28.3 
314.0 0.0 113.0 170.0 10.0 925.0 783.0 28.0 38.46 
362.6 189.0 0.0 164.9 11.6 944.7 755.8 28.0 71.3 
359.0 19.0 141.0 154.0 10.9 942.0 801.0 28.0 62.94 
212.5 0.0 100.4 159.3 8.7 1007.8 903.6 14.0 26.31 
237.5 237.5 0.0 228.0 0.0 932.0 594.0 180.0 36.25 
156.0 243.0 0.0 180.0 11.0 1022.0 698.0 28.0 37.36 
158.8 238.2 0.0 185.7 0.0 1040.6 734.3 7.0 9.62 
139.9 132.6 103.3 200.3 7.4 916.0 753.4 28.0 36.44 
233.8 0.0 94.6 197.9 4.6 947.0 852.2 14.0 22.14 
304.0 76.0 0.0 228.0 0.0 932.0 670.0 365.0 55.26 
190.7 0.0 125.4 162.1 7.8 1090.0 804.0 14.0 21.06 
349.0 0.0 0.0 192.0 0.0 1047.0 806.0 90.0 39.49 
397.0 17.2 158.0 167.0 20.8 967.0 633.0 28.0 55.65 
393.0 0.0 0.0 192.0 0.0 940.0 758.0 28.0 39.58 
213.7 98.1 24.5 181.7 6.9 1065.8 785.4 3.0 18.0 
475.0 118.8 0.0 181.1 8.9 852.1 781.5 28.0 68.3 
385.0 0.0 0.0 186.0 0.0 966.0 763.0 14.0 27.92 
145.0 116.0 119.0 184.0 5.7 833.0 880.0 28.0 29.16 
251.4 0.0 118.3 188.5 6.4 1028.4 757.7 100.0 44.21 
154.0 174.0 185.0 228.0 7.0 845.0 612.0 28.0 24.34 
446.0 24.0 79.0 162.0 11.6 967.0 712.0 7.0 39.3 
284.0 15.0 141.0 179.0 5.5 842.0 801.0 7.0 24.13 
203.5 305.3 0.0 203.5 0.0 963.4 630.0 7.0 19.54 
302.0 0.0 0.0 203.0 0.0 974.0 817.0 14.0 18.13 
252.0 97.0 76.0 194.0 8.0 835.0 821.0 28.0 33.4 
252.0 0.0 0.0 185.0 0.0 1111.0 784.0 7.0 13.71 
359.0 19.0 141.0 154.0 10.9 942.0 801.0 7.0 38.61 
236.0 0.0 0.0 194.0 0.0 968.0 885.0 3.0 6.47 
157.0 236.0 0.0 192.0 0.0 935.4 781.2 7.0 16.89 
178.0 129.8 118.6 179.9 3.6 1007.3 746.8 100.0 49.99 
173.5 50.1 173.5 164.8 6.5 1006.2 793.5 3.0 23.08 
214.9 53.8 121.9 155.6 9.6 1014.3 780.6 3.0 18.02 
162.0 207.0 172.0 216.0 10.0 822.0 638.0 28.0 39.84 
200.0 0.0 0.0 180.0 0.0 1125.0 845.0 7.0 7.84 
297.2 0.0 117.5 174.8 9.5 1022.8 753.5 14.0 36.99 
102.0 153.0 0.0 192.0 0.0 887.0 942.0 28.0 17.28 
491.0 26.0 123.0 210.0 3.9 882.0 699.0 28.0 55.55 
480.0 0.0 0.0 192.0 0.0 936.2 712.2 90.0 54.32 
182.0 45.2 122.0 170.2 8.2 1059.4 780.7 56.0 43.5 
153.1 145.0 113.0 178.5 8.0 867.2 824.0 28.0 26.23 
522.0 0.0 0.0 146.0 0.0 896.0 896.0 7.0 50.51 
194.7 0.0 100.5 165.6 7.5 1006.4 905.9 3.0 12.45 
230.0 0.0 118.3 195.5 4.6 1029.4 758.6 28.0 24.48 
339.0 0.0 0.0 197.0 0.0 968.0 781.0 90.0 35.17 
500.0 0.0 0.0 151.0 9.0 1033.0 655.0 28.0 69.84 
385.0 0.0 0.0 186.0 0.0 966.0 763.0 3.0 14.7 
173.0 116.0 0.0 192.0 0.0 946.8 856.8 7.0 11.39 
325.6 166.4 0.0 174.0 8.9 881.6 790.0 28.0 61.24 
290.2 193.5 0.0 185.7 0.0 998.2 704.3 7.0 21.86 
305.3 203.5 0.0 203.5 0.0 965.4 631.0 28.0 43.38 
425.0 106.3 0.0 153.5 16.5 852.1 887.1 28.0 60.29 
475.0 118.8 0.0 181.1 8.9 852.1 781.5 91.0 74.19 
246.8 0.0 125.1 143.3 12.0 1086.8 800.9 14.0 42.22 
520.0 0.0 0.0 170.0 5.2 855.0 855.0 28.0 60.28 
231.8 0.0 121.6 174.0 6.7 1056.4 778.5 100.0 45.84 
157.0 214.0 152.0 200.0 9.0 819.0 704.0 28.0 33.05 
356.0 119.0 0.0 160.0 9.0 1061.0 657.0 28.0 59.0 
166.8 250.2 0.0 203.5 0.0 975.6 692.6 28.0 33.95 
135.0 105.0 193.0 196.0 6.0 965.0 643.0 28.0 21.91 
362.6 189.0 0.0 164.9 11.6 944.7 755.8 7.0 55.9 
491.0 26.0 123.0 210.0 3.9 882.0 699.0 7.0 33.49 
424.0 22.0 132.0 168.0 8.9 822.0 750.0 56.0 74.36 
275.1 0.0 121.4 159.5 9.9 1053.6 777.5 56.0 56.85 
164.0 163.0 128.0 197.0 8.0 961.0 641.0 28.0 27.23 
154.8 0.0 142.8 193.3 9.1 1047.4 696.7 28.0 12.46 
427.5 47.5 0.0 228.0 0.0 932.0 594.0 28.0 37.43 
491.0 26.0 123.0 210.0 3.9 882.0 699.0 3.0 25.61 
332.5 142.5 0.0 228.0 0.0 932.0 594.0 28.0 33.02 
200.0 133.0 0.0 192.0 0.0 965.4 806.2 3.0 11.41 
193.5 290.2 0.0 185.7 0.0 998.2 704.3 7.0 17.2 
297.2 0.0 117.5 174.8 9.5 1022.8 753.5 3.0 21.91 
286.3 200.9 0.0 144.7 11.2 1004.6 803.7 3.0 24.4 
165.0 0.0 143.6 163.8 0.0 1005.6 900.9 100.0 37.96 
250.0 0.0 95.7 191.8 5.3 948.9 857.2 56.0 39.64 
261.9 110.5 86.1 195.4 5.0 895.2 732.6 28.0 33.72 
385.0 0.0 0.0 186.0 0.0 966.0 763.0 1.0 6.27 
277.1 0.0 97.4 160.6 11.8 973.9 875.6 100.0 55.64 
475.0 0.0 0.0 162.0 9.5 1044.0 662.0 28.0 58.52 
290.4 0.0 96.2 168.1 9.4 961.2 865.0 3.0 22.5 
213.7 0.0 174.7 154.8 10.2 1053.5 776.4 28.0 40.15 
168.9 42.2 124.3 158.3 10.8 1080.8 796.2 3.0 7.4 
362.6 189.0 0.0 164.9 11.6 944.7 755.8 56.0 77.3 
172.4 13.6 172.4 156.8 4.1 1006.3 856.4 28.0 33.69 
387.0 20.0 94.0 157.0 14.3 938.0 845.0 28.0 50.24 
159.8 250.0 0.0 168.4 12.2 1049.3 688.2 28.0 39.46 
212.0 141.3 0.0 203.5 0.0 973.4 750.0 90.0 39.7 
359.0 19.0 141.0 154.0 10.9 942.0 801.0 28.0 59.49 
425.0 106.3 0.0 153.5 16.5 852.1 887.1 28.0 60.29 
139.7 163.9 127.7 236.7 5.8 868.6 655.6 28.0 35.23 
393.0 0.0 0.0 192.0 0.0 940.6 785.6 90.0 48.85 
475.0 118.8 0.0 181.1 8.9 852.1 781.5 3.0 37.8 
332.5 142.5 0.0 228.0 0.0 932.0 594.0 7.0 30.28 
349.0 0.0 0.0 192.0 0.0 1047.0 806.0 360.0 42.13 
162.0 190.0 148.0 179.0 19.0 838.0 741.0 28.0 33.76 
475.0 118.8 0.0 181.1 8.9 852.1 781.5 56.0 72.3 
237.5 237.5 0.0 228.0 0.0 932.0 594.0 7.0 26.26 
198.6 132.4 0.0 192.0 0.0 978.4 825.5 360.0 44.3 
135.0 0.0 166.0 180.0 10.0 961.0 805.0 28.0 13.29 
213.5 0.0 174.2 159.2 11.7 1043.6 771.9 56.0 51.26 
485.0 0.0 0.0 146.0 0.0 1120.0 800.0 28.0 71.99 
166.8 250.2 0.0 203.5 0.0 975.6 692.6 7.0 15.75 
313.3 262.2 0.0 175.5 8.6 1046.9 611.8 28.0 59.8 
376.0 0.0 0.0 214.6 0.0 1003.5 762.4 100.0 43.06 
342.0 38.0 0.0 228.0 0.0 932.0 670.0 270.0 55.06 
277.2 97.8 24.5 160.7 11.2 1061.7 782.5 3.0 30.45 
162.0 214.0 164.0 202.0 10.0 820.0 680.0 28.0 30.65 
213.5 0.0 174.2 154.6 11.7 1052.3 775.5 56.0 51.43 
276.4 116.0 90.3 179.6 8.9 870.1 768.3 28.0 44.28 
469.0 117.2 0.0 137.8 32.2 852.1 840.5 28.0 66.9 
155.0 184.0 143.0 194.0 9.0 880.0 699.0 28.0 28.99 
190.0 190.0 0.0 228.0 0.0 932.0 670.0 270.0 50.66 
374.0 189.2 0.0 170.1 10.1 926.1 756.7 7.0 46.2 
295.8 0.0 0.0 185.7 0.0 1091.4 769.3 28.0 25.22 
194.7 0.0 100.5 170.2 7.5 998.0 901.8 100.0 44.28 
139.6 209.4 0.0 192.0 0.0 1047.0 806.9 90.0 39.36 
297.2 0.0 117.5 174.8 9.5 1022.8 753.5 28.0 47.4 
213.7 0.0 174.7 154.8 10.2 1053.5 776.4 100.0 50.08 
284.0 15.0 141.0 179.0 5.5 842.0 801.0 56.0 44.52 
387.0 20.0 94.0 157.0 14.3 938.0 845.0 56.0 56.34 
141.3 212.0 0.0 203.5 0.0 971.8 748.5 28.0 29.89 
203.5 135.7 0.0 185.7 0.0 1076.2 759.3 7.0 11.96 
446.0 24.0 79.0 162.0 11.6 967.0 712.0 3.0 35.36 
122.6 183.9 0.0 203.5 0.0 958.2 800.1 90.0 33.19 
313.8 0.0 112.6 169.9 10.1 925.3 782.9 28.0 38.46 
239.6 359.4 0.0 185.7 0.0 941.6 664.3 7.0 25.42 
304.0 140.0 0.0 214.0 6.0 895.0 722.0 28.0 33.42 
212.6 0.0 100.4 159.4 10.4 1003.8 903.8 56.0 44.4 
266.0 114.0 0.0 228.0 0.0 932.0 670.0 270.0 51.73 
531.3 0.0 0.0 141.8 28.2 852.1 893.7 3.0 41.3 
155.0 183.0 0.0 193.0 9.0 877.0 868.0 28.0 23.79 
451.0 0.0 0.0 165.0 11.3 1030.0 745.0 28.0 78.8 
310.0 0.0 0.0 192.0 0.0 1012.0 830.0 90.0 35.76 
150.0 236.8 0.0 173.8 11.9 1069.3 674.8 28.0 37.43 
173.0 116.0 0.0 192.0 0.0 946.8 856.8 90.0 32.1 
382.0 0.0 0.0 185.0 0.0 1047.0 739.0 7.0 24.0 
281.0 0.0 0.0 186.0 0.0 1104.0 774.0 28.0 22.44 
310.0 0.0 0.0 192.0 0.0 970.0 850.0 28.0 27.92 
331.0 0.0 0.0 192.0 0.0 978.0 825.0 3.0 13.52 
252.5 0.0 0.0 185.7 0.0 1111.6 784.3 7.0 11.48 
218.9 0.0 124.1 158.5 11.3 1078.7 794.9 56.0 37.27 
213.5 0.0 174.2 159.2 11.7 1043.6 771.9 3.0 15.61 
349.0 0.0 0.0 192.0 0.0 1047.0 806.0 7.0 18.13 
152.0 0.0 112.0 184.0 8.0 992.0 816.0 28.0 12.18 
212.6 0.0 100.4 159.4 10.4 1003.8 903.8 3.0 13.33 
190.3 0.0 125.2 166.6 9.9 1079.0 798.9 3.0 12.55 
108.3 162.4 0.0 203.5 0.0 938.2 849.0 28.0 20.59 
446.0 24.0 79.0 162.0 11.6 967.0 712.0 56.0 56.14 
238.2 158.8 0.0 185.7 0.0 1040.6 734.3 7.0 15.69 
239.6 359.4 0.0 185.7 0.0 941.6 664.3 28.0 39.44 
310.0 143.0 0.0 168.0 10.0 914.0 804.0 28.0 45.3 
393.0 0.0 0.0 192.0 0.0 940.6 785.6 3.0 19.2 
355.9 0.0 141.6 193.3 11.0 801.4 778.4 28.0 40.87 
190.3 0.0 125.2 166.6 9.9 1079.0 798.9 14.0 19.42 
540.0 0.0 0.0 173.0 0.0 1125.0 613.0 14.0 59.76 
153.0 102.0 0.0 192.0 0.0 888.0 943.1 28.0 17.96 
116.0 173.0 0.0 192.0 0.0 909.8 891.9 3.0 6.28 
288.0 192.0 0.0 192.0 0.0 932.0 717.8 7.0 23.52 
475.0 0.0 0.0 228.0 0.0 932.0 594.0 28.0 39.29 
194.7 0.0 100.5 170.2 7.5 998.0 901.8 14.0 24.28 
149.0 153.0 194.0 192.0 8.0 935.0 623.0 28.0 24.58 
183.9 122.6 0.0 203.5 0.0 959.2 800.0 90.0 32.53 
212.5 0.0 100.4 159.3 8.7 1007.8 903.6 28.0 31.64 
213.5 0.0 174.2 154.6 11.7 1052.3 775.5 28.0 45.94 
236.0 157.0 0.0 192.0 0.0 972.6 749.1 90.0 47.78 
382.5 0.0 0.0 185.7 0.0 1047.8 739.3 7.0 24.07 
198.6 132.4 0.0 192.0 0.0 978.4 825.5 90.0 38.07 
167.4 129.9 128.6 175.5 7.8 1006.3 746.6 3.0 14.94 
380.0 95.0 0.0 228.0 0.0 932.0 594.0 28.0 36.45 
500.0 0.0 0.0 200.0 0.0 1125.0 613.0 90.0 47.22 
480.0 0.0 0.0 192.0 0.0 936.2 712.2 7.0 34.57 
331.0 0.0 0.0 192.0 0.0 1025.0 821.0 7.0 17.44 
190.0 190.0 0.0 228.0 0.0 932.0 670.0 90.0 42.33 
145.7 172.6 0.0 181.9 3.4 985.8 816.8 28.0 23.74 
236.0 0.0 0.0 194.0 0.0 968.0 885.0 14.0 12.84 
446.0 24.0 79.0 162.0 11.6 967.0 712.0 3.0 25.02 
446.0 24.0 79.0 162.0 10.3 967.0 712.0 28.0 53.39 
140.0 133.0 103.0 200.0 7.0 916.0 753.0 28.0 36.44 
234.0 156.0 0.0 189.0 5.9 981.0 760.0 28.0 39.3 
304.0 76.0 0.0 228.0 0.0 932.0 670.0 180.0 50.95 
250.2 166.8 0.0 203.5 0.0 977.6 694.1 7.0 19.35 
237.0 92.0 71.0 247.0 6.0 853.0 695.0 28.0 28.63 
307.0 0.0 0.0 193.0 0.0 968.0 812.0 365.0 36.15 
147.8 175.1 0.0 171.2 2.2 1000.0 828.5 28.0 26.92 
387.0 20.0 94.0 157.0 11.6 938.0 845.0 3.0 34.77 
313.3 0.0 113.0 178.5 8.0 1001.9 688.7 28.0 36.8 
356.0 0.0 142.0 193.0 11.0 801.0 778.0 28.0 40.87 
182.0 45.2 122.0 170.2 8.2 1059.4 780.7 100.0 48.67 
275.1 0.0 121.4 159.5 9.9 1053.6 777.5 14.0 38.77 
212.5 0.0 100.4 159.3 8.7 1007.8 903.6 3.0 13.54 
381.4 0.0 0.0 185.7 0.0 1104.6 784.3 7.0 14.54 
285.0 190.0 0.0 163.0 7.6 1031.0 685.0 28.0 53.58 
141.9 166.6 129.7 173.5 10.9 882.6 785.3 28.0 44.61 
331.0 0.0 0.0 192.0 0.0 978.0 825.0 360.0 41.24 
173.5 50.1 173.5 164.8 6.5 1006.2 793.5 28.0 38.2 
318.0 0.0 126.0 210.0 6.0 861.0 737.0 28.0 40.06 
331.0 0.0 0.0 192.0 0.0 1025.0 821.0 28.0 31.74 
382.0 0.0 0.0 186.0 0.0 1047.0 739.0 28.0 37.42 
213.8 98.1 24.5 181.7 6.7 1066.0 785.5 56.0 47.13 
349.0 0.0 0.0 192.0 0.0 1047.0 806.0 3.0 14.99 
313.0 145.0 0.0 127.0 8.0 1000.0 822.0 28.0 44.52 
154.8 0.0 142.8 193.3 9.1 877.2 867.7 28.0 9.74 
362.6 189.0 0.0 164.9 11.6 944.7 755.8 7.0 55.9 
475.0 0.0 59.0 142.0 1.9 1098.0 641.0 28.0 57.23 
153.0 102.0 0.0 192.0 0.0 888.0 943.1 7.0 8.37 
203.5 305.3 0.0 203.5 0.0 963.4 630.0 90.0 51.86 
425.0 106.3 0.0 153.5 16.5 852.1 887.1 56.0 64.3 
236.0 157.0 0.0 192.0 0.0 972.6 749.1 3.0 13.57 
172.4 13.6 172.4 156.8 4.1 1006.3 856.4 14.0 29.75 
491.0 26.0 123.0 201.0 3.9 822.0 699.0 28.0 57.92 
139.6 209.4 0.0 192.0 0.0 1047.0 806.9 3.0 8.06 
212.0 141.3 0.0 203.5 0.0 973.4 750.0 28.0 33.0 
218.2 54.6 123.8 140.8 11.9 1075.7 792.7 28.0 55.51 
310.0 0.0 0.0 192.0 0.0 1012.0 830.0 3.0 11.85 
326.0 166.0 0.0 174.0 9.0 882.0 790.0 28.0 61.23 
233.8 0.0 94.6 197.9 4.6 947.0 852.2 28.0 22.84 
108.3 162.4 0.0 203.5 0.0 938.2 849.0 3.0 2.33 
480.0 0.0 0.0 192.0 0.0 936.0 721.0 3.0 24.39 
198.6 132.4 0.0 192.0 0.0 978.4 825.5 7.0 14.64 
425.0 106.3 0.0 151.4 18.6 936.0 803.7 56.0 64.9 
249.1 0.0 98.8 158.1 12.8 987.8 889.0 28.0 30.85 
255.0 0.0 0.0 192.0 0.0 889.8 945.0 7.0 10.22 
425.0 106.3 0.0 153.5 16.5 852.1 887.1 91.0 65.2 
166.1 0.0 163.3 176.5 4.5 1058.6 780.1 100.0 33.54 
333.0 0.0 0.0 192.0 0.0 931.2 842.6 7.0 23.4 
178.0 129.8 118.6 179.9 3.6 1007.3 746.8 14.0 34.24 
525.0 0.0 0.0 189.0 0.0 1125.0 613.0 28.0 55.94 
424.0 22.0 132.0 178.0 8.5 822.0 750.0 7.0 39.0 
233.8 0.0 94.6 197.9 4.6 947.0 852.2 56.0 27.66 
213.7 98.1 24.5 181.7 6.9 1065.8 785.4 14.0 30.39 
218.9 0.0 124.1 158.5 11.3 1078.7 794.9 14.0 26.05 
362.6 189.0 0.0 164.9 11.6 944.7 755.8 56.0 77.3 
359.0 19.0 141.0 154.0 10.9 942.0 801.0 56.0 68.75 
380.0 95.0 0.0 228.0 0.0 932.0 594.0 180.0 40.76 
251.4 0.0 118.3 188.5 5.8 1028.4 757.7 3.0 17.22 
266.0 114.0 0.0 228.0 0.0 932.0 670.0 180.0 48.7 
375.0 93.8 0.0 126.6 23.4 852.1 992.6 91.0 62.5 
167.4 129.9 128.6 175.5 7.8 1006.3 746.6 56.0 51.72 
173.5 50.1 173.5 164.8 6.5 1006.2 793.5 56.0 53.77 
469.0 117.2 0.0 137.8 32.2 852.1 840.5 3.0 40.2 
313.0 0.0 0.0 178.0 8.0 1000.0 822.0 28.0 25.1 
170.3 155.5 0.0 185.7 0.0 1026.6 724.3 7.0 10.73 
303.6 139.9 0.0 213.5 6.2 895.5 722.5 28.0 33.42 
540.0 0.0 0.0 173.0 0.0 1125.0 613.0 3.0 41.64 
213.5 0.0 174.2 154.6 11.7 1052.3 775.5 100.0 59.3 
222.4 0.0 96.7 189.3 4.5 967.1 870.3 56.0 29.45 
251.4 0.0 118.3 188.5 6.4 1028.4 757.7 3.0 13.12 
213.5 0.0 174.2 154.6 11.7 1052.3 775.5 3.0 17.37 
148.1 0.0 182.1 181.4 15.0 838.9 884.3 28.0 15.53 
375.0 93.8 0.0 126.6 23.4 852.1 992.6 7.0 45.7 
540.0 0.0 0.0 173.0 0.0 1125.0 613.0 270.0 74.17 
425.0 106.3 0.0 153.5 16.5 852.1 887.1 56.0 64.3 
133.1 210.2 0.0 195.7 3.1 949.4 795.3 28.0 28.94 
446.0 24.0 79.0 162.0 11.6 967.0 712.0 56.0 61.07 
168.0 42.1 163.8 121.8 5.7 1058.7 780.1 3.0 7.75 
425.0 106.3 0.0 151.4 18.6 936.0 803.7 91.0 66.7 
154.8 183.4 0.0 193.3 9.1 1047.4 696.7 28.0 18.29 
218.9 0.0 124.1 158.5 11.3 1078.7 794.9 28.0 30.22 
305.3 203.5 0.0 203.5 0.0 965.4 631.0 7.0 25.89 
298.0 137.0 107.0 201.0 6.0 878.0 655.0 28.0 53.52 
213.7 98.1 24.5 181.7 6.9 1065.8 785.4 28.0 45.71 
237.5 237.5 0.0 228.0 0.0 932.0 594.0 28.0 30.08 
300.0 0.0 0.0 184.0 0.0 1075.0 795.0 7.0 15.58 
166.0 260.0 0.0 183.0 13.0 859.0 827.0 28.0 37.91 
393.0 0.0 0.0 192.0 0.0 940.0 758.0 3.0 19.11 
122.6 183.9 0.0 203.5 0.0 958.2 800.1 3.0 3.32 
168.9 42.2 124.3 158.3 10.8 1080.8 796.2 14.0 23.51 
298.1 0.0 107.5 163.6 12.8 953.2 784.0 28.0 35.87 
276.0 116.0 90.0 180.0 9.0 870.0 768.0 28.0 44.28 
401.8 94.7 0.0 147.4 11.4 946.8 852.1 56.0 73.7 
277.0 116.8 91.0 190.6 7.0 946.5 665.6 28.0 43.58 
374.0 189.2 0.0 170.1 10.1 926.1 756.7 56.0 63.4 
302.0 0.0 0.0 203.0 0.0 974.0 817.0 28.0 21.75 
143.7 170.2 132.6 191.6 8.5 814.1 805.3 28.0 29.87 
212.6 0.0 100.4 159.4 10.4 1003.8 903.8 14.0 25.37 
173.8 93.4 159.9 172.3 9.7 1007.2 746.6 100.0 50.94 
310.0 0.0 0.0 192.0 0.0 970.0 850.0 360.0 38.11 
389.9 189.0 0.0 145.9 22.0 944.7 755.8 3.0 40.6 
376.0 0.0 0.0 214.6 0.0 1003.5 762.4 28.0 31.97 
154.8 183.4 0.0 193.3 9.1 877.2 867.7 28.0 23.79 
522.0 0.0 0.0 146.0 0.0 896.0 896.0 28.0 74.99 
350.0 0.0 0.0 186.0 0.0 1050.0 770.0 28.0 34.29 
252.0 0.0 0.0 186.0 0.0 1111.0 784.0 7.0 11.47 
178.0 129.8 118.6 179.9 3.6 1007.3 746.8 28.0 39.16 
222.4 0.0 96.7 189.3 4.5 967.1 870.3 28.0 24.89 
160.2 188.0 146.4 203.2 11.3 828.7 709.7 28.0 35.31 
266.0 114.0 0.0 228.0 0.0 932.0 670.0 365.0 52.91 
307.0 0.0 0.0 193.0 0.0 968.0 812.0 90.0 32.92 
277.0 0.0 0.0 191.0 0.0 968.0 856.0 90.0 31.25 
425.0 106.3 0.0 153.5 16.5 852.1 887.1 56.0 64.3 
229.7 0.0 118.2 195.2 6.1 1028.1 757.6 56.0 31.35 
277.2 97.8 24.5 160.7 11.2 1061.7 782.5 100.0 66.95 
238.0 0.0 0.0 185.0 0.0 1118.0 789.0 28.0 17.54 
321.0 0.0 128.0 182.0 11.0 870.0 780.0 28.0 37.26 
141.3 212.0 0.0 203.5 0.0 971.8 748.5 3.0 4.83 
531.3 0.0 0.0 141.8 28.2 852.1 893.7 56.0 58.8 
173.0 116.0 0.0 192.0 0.0 946.8 856.8 3.0 6.94 
213.8 98.1 24.5 181.7 6.7 1066.0 785.5 14.0 17.84 
387.0 20.0 94.0 157.0 11.6 938.0 845.0 7.0 41.67 
362.6 189.0 0.0 164.9 11.6 944.7 755.8 28.0 71.3 
380.0 0.0 0.0 228.0 0.0 932.0 670.0 270.0 53.3 
190.3 0.0 125.2 161.9 9.9 1088.1 802.6 100.0 40.39 
164.6 0.0 150.4 181.6 11.7 1023.3 728.9 28.0 18.03 
332.5 142.5 0.0 228.0 0.0 932.0 594.0 365.0 41.05 
531.3 0.0 0.0 141.8 28.2 852.1 893.7 7.0 46.9 
290.2 193.5 0.0 185.7 0.0 998.2 704.3 28.0 33.04 
265.0 111.0 86.0 195.0 6.0 833.0 790.0 28.0 41.54 
210.7 316.1 0.0 185.7 0.0 977.0 689.3 7.0 21.82 
102.0 153.0 0.0 192.0 0.0 887.0 942.0 7.0 7.68 
475.0 0.0 0.0 228.0 0.0 932.0 594.0 180.0 42.62 
144.0 0.0 175.0 158.0 18.0 943.0 844.0 28.0 15.42 
382.0 0.0 0.0 186.0 0.0 1047.0 739.0 7.0 24.0 
540.0 0.0 0.0 173.0 0.0 1125.0 613.0 7.0 52.61 
289.0 0.0 0.0 192.0 0.0 913.2 895.3 28.0 25.57 
213.5 0.0 174.2 159.2 11.7 1043.6 771.9 100.0 52.96 
181.4 0.0 167.0 169.6 7.6 1055.6 777.8 3.0 13.62 
298.1 0.0 107.0 186.4 6.1 879.0 815.2 28.0 42.64 
260.0 101.0 78.0 171.0 10.0 936.0 763.0 28.0 49.77 
374.0 189.2 0.0 170.1 10.1 926.1 756.7 91.0 64.9 
158.0 0.0 195.0 220.0 11.0 898.0 713.0 28.0 8.54 
182.0 45.2 122.0 170.2 8.2 1059.4 780.7 3.0 7.32 
475.0 0.0 0.0 228.0 0.0 932.0 594.0 7.0 38.6 
331.0 0.0 0.0 192.0 0.0 1025.0 821.0 90.0 37.91 
469.0 117.2 0.0 137.8 32.2 852.1 840.5 56.0 69.3 
212.6 0.0 100.4 159.4 10.4 1003.8 903.8 100.0 47.74 
146.0 173.0 0.0 182.0 3.0 986.0 817.0 28.0 23.74 
190.7 0.0 125.4 162.1 7.8 1090.0 804.0 28.0 26.4 
165.0 0.0 143.6 163.8 0.0 1005.6 900.9 28.0 26.2 
194.7 0.0 100.5 165.6 7.5 1006.4 905.9 14.0 24.99 
133.0 200.0 0.0 192.0 0.0 927.4 839.2 28.0 27.87 
236.0 0.0 0.0 194.0 0.0 968.0 885.0 28.0 18.42 
439.0 177.0 0.0 186.0 11.1 884.9 707.9 7.0 56.1 
297.0 0.0 0.0 186.0 0.0 1040.0 734.0 7.0 30.96 
387.0 20.0 94.0 157.0 13.9 938.0 845.0 56.0 47.97 
212.0 0.0 124.8 159.0 7.8 1085.4 799.5 28.0 38.5 
425.0 106.3 0.0 151.4 18.6 936.0 803.7 7.0 46.8 
214.9 53.8 121.9 155.6 9.6 1014.3 780.6 28.0 52.2 
362.6 189.0 0.0 164.9 11.6 944.7 755.8 7.0 22.9 
500.0 0.0 0.0 200.0 0.0 1125.0 613.0 14.0 36.94 
318.8 212.5 0.0 155.7 14.3 852.1 880.4 56.0 66.1 
500.0 0.0 0.0 200.0 0.0 1125.0 613.0 7.0 33.21 
318.8 212.5 0.0 155.7 14.3 852.1 880.4 3.0 25.2 
380.0 95.0 0.0 228.0 0.0 932.0 594.0 7.0 32.82 
295.7 0.0 95.6 171.5 8.9 955.1 859.2 100.0 52.04 
313.3 145.0 0.0 178.5 8.0 867.2 824.0 28.0 40.93 
531.3 0.0 0.0 141.8 28.2 852.1 893.7 28.0 56.4 
331.0 0.0 0.0 192.0 0.0 1025.0 821.0 3.0 14.31 
339.0 0.0 0.0 197.0 0.0 968.0 781.0 180.0 36.45 
170.3 155.5 0.0 185.7 0.0 1026.6 724.3 28.0 25.73 
246.8 0.0 125.1 143.3 12.0 1086.8 800.9 28.0 52.5 
350.0 0.0 0.0 203.0 0.0 974.0 775.0 90.0 31.35 
152.7 144.7 0.0 178.1 8.0 999.7 822.2 28.0 19.01 
132.0 206.5 160.9 178.9 5.5 866.9 735.6 28.0 33.31 
251.4 0.0 118.3 188.5 5.8 1028.4 757.7 14.0 29.93 
290.4 0.0 96.2 168.1 9.4 961.2 865.0 56.0 45.08 
318.8 212.5 0.0 155.7 14.3 852.1 880.4 7.0 33.4 
350.0 0.0 0.0 203.0 0.0 974.0 775.0 14.0 22.53 
167.0 75.4 167.0 164.0 7.9 1007.3 770.1 56.0 53.46 
312.7 0.0 0.0 178.1 8.0 999.7 822.2 28.0 25.1 
275.0 0.0 0.0 183.0 0.0 1088.0 808.0 28.0 24.5 
251.4 0.0 118.3 188.5 6.4 1028.4 757.7 14.0 24.43 
236.0 0.0 0.0 193.0 0.0 968.0 885.0 180.0 24.1 
323.7 282.8 0.0 183.8 10.3 942.7 659.9 7.0 49.8 
387.0 20.0 94.0 157.0 14.3 938.0 845.0 3.0 22.75 
286.3 200.9 0.0 144.7 11.2 1004.6 803.7 28.0 67.7 
153.1 145.0 113.0 178.5 8.0 1001.9 688.7 28.0 25.56 
251.8 0.0 99.9 146.1 12.4 1006.0 899.8 3.0 21.02 
266.0 114.0 0.0 228.0 0.0 932.0 670.0 90.0 47.03 
379.5 151.2 0.0 153.9 15.9 1134.3 605.0 56.0 54.9 
143.0 169.0 143.0 191.0 8.0 967.0 643.0 28.0 29.72 
332.5 142.5 0.0 228.0 0.0 932.0 594.0 90.0 37.72 
210.7 316.1 0.0 185.7 0.0 977.0 689.3 28.0 37.81 
313.3 262.2 0.0 175.5 8.6 1046.9 611.8 3.0 28.8 
393.0 0.0 0.0 192.0 0.0 940.6 785.6 28.0 39.6 
250.0 0.0 95.7 187.4 5.5 956.9 861.2 3.0 13.82 
342.0 38.0 0.0 228.0 0.0 932.0 670.0 365.0 56.14 
284.0 119.7 0.0 168.3 7.2 970.4 794.2 28.0 40.93 
252.3 0.0 98.8 146.3 14.2 987.8 889.0 28.0 50.6 
143.6 0.0 174.9 158.4 17.9 942.7 844.5 28.0 15.42 
250.0 0.0 95.7 191.8 5.3 948.9 857.2 100.0 41.16 
133.0 200.0 0.0 192.0 0.0 927.4 839.2 3.0 6.88 
251.4 0.0 118.3 188.5 5.8 1028.4 757.7 100.0 43.58 
322.0 0.0 0.0 203.0 0.0 974.0 800.0 28.0 25.18 
312.9 160.5 0.0 177.6 9.6 916.6 759.5 28.0 52.45 
158.4 0.0 194.9 219.7 11.0 897.7 712.9 28.0 8.54 
228.0 342.1 0.0 185.7 0.0 955.8 674.3 7.0 21.92 
397.0 0.0 0.0 185.7 0.0 1040.6 734.3 28.0 33.08 
321.3 164.2 0.0 190.5 4.6 870.0 774.0 28.0 57.22 
277.2 97.8 24.5 160.7 11.2 1061.7 782.5 28.0 63.14 
238.1 0.0 94.1 186.7 7.0 949.9 847.0 3.0 19.93 
525.0 0.0 0.0 189.0 0.0 1125.0 613.0 270.0 67.11 
359.0 19.0 141.0 154.0 10.9 942.0 801.0 3.0 25.12 
151.0 0.0 184.0 167.0 12.0 991.0 772.0 28.0 15.57 
213.8 98.1 24.5 181.7 6.7 1066.0 785.5 3.0 13.18 
314.0 145.3 113.2 178.9 8.0 869.1 690.2 28.0 46.23 
516.0 0.0 0.0 162.0 8.3 801.0 802.0 28.0 41.37 
289.0 134.0 0.0 195.0 6.0 924.0 760.0 28.0 46.24 
218.9 0.0 124.1 158.5 11.3 1078.7 794.9 3.0 15.34 
425.0 106.3 0.0 153.5 16.5 852.1 887.1 7.0 49.2 
277.2 97.8 24.5 160.7 11.2 1061.7 782.5 56.0 66.82 
286.3 200.9 0.0 144.7 11.2 1004.6 803.7 7.0 38.0 
298.0 0.0 107.0 186.0 6.0 879.0 815.0 28.0 42.64 
252.1 97.1 75.6 193.8 8.3 835.5 821.4 28.0 33.4 
312.7 144.7 0.0 127.3 8.0 999.7 822.2 28.0 44.52 
336.0 0.0 0.0 182.0 3.0 986.0 817.0 28.0 44.86 
500.0 0.0 0.0 200.0 0.0 1125.0 613.0 28.0 44.09 
379.5 151.2 0.0 153.9 15.9 1134.3 605.0 7.0 47.1 
165.0 0.0 143.6 163.8 0.0 1005.6 900.9 56.0 36.56 
250.0 0.0 95.7 187.4 5.5 956.9 861.2 14.0 24.92 
250.2 166.8 0.0 203.5 0.0 977.6 694.1 28.0 36.96 
325.0 0.0 0.0 184.0 0.0 1063.0 783.0 7.0 17.54 
194.7 0.0 100.5 170.2 7.5 998.0 901.8 28.0 37.27 
397.0 0.0 0.0 185.7 0.0 1040.6 734.3 7.0 25.45 
305.3 203.5 0.0 203.5 0.0 965.4 631.0 3.0 14.14 
362.6 189.0 0.0 164.9 11.6 944.7 755.8 7.0 55.9 
203.5 305.3 0.0 203.5 0.0 963.4 630.0 3.0 9.56 
439.0 177.0 0.0 186.0 11.1 884.9 707.9 56.0 71.7 
277.1 0.0 97.4 160.6 11.8 973.9 875.6 3.0 23.14 
359.0 19.0 141.0 154.0 10.9 942.0 801.0 3.0 23.64 
213.5 0.0 174.2 159.2 11.7 1043.6 771.9 14.0 29.59 
439.0 177.0 0.0 186.0 11.1 884.9 707.9 28.0 66.0 
336.5 0.0 0.0 181.9 3.4 985.8 816.8 28.0 44.87 
231.8 0.0 121.6 174.0 6.7 1056.4 778.5 56.0 42.7 
342.0 38.0 0.0 228.0 0.0 932.0 670.0 90.0 50.46 
251.8 0.0 99.9 146.1 12.4 1006.0 899.8 56.0 44.14 
108.3 162.4 0.0 203.5 0.0 938.2 849.0 90.0 29.23 
540.0 0.0 0.0 162.0 2.5 1055.0 676.0 28.0 61.89 
333.0 0.0 0.0 192.0 0.0 931.2 842.6 3.0 15.62 
158.6 148.9 116.0 175.1 15.0 953.3 719.7 28.0 27.68 
166.1 0.0 163.3 176.5 4.5 1058.6 780.1 56.0 28.63 
491.0 26.0 123.0 201.0 3.9 822.0 699.0 3.0 29.55 
212.1 0.0 121.6 180.3 5.7 1057.6 779.3 28.0 24.9 
425.0 106.3 0.0 153.5 16.5 852.1 887.1 91.0 65.2 
332.5 142.5 0.0 228.0 0.0 932.0 594.0 180.0 39.78 
350.0 0.0 0.0 203.0 0.0 974.0 775.0 28.0 27.34 
168.9 42.2 124.3 158.3 10.8 1080.8 796.2 28.0 31.12 
145.0 0.0 134.0 181.0 11.0 979.0 812.0 28.0 13.2 
298.2 0.0 107.0 209.7 11.1 879.6 744.2 28.0 31.88 
182.0 45.2 122.0 170.2 8.2 1059.4 780.7 14.0 21.5 
387.0 20.0 94.0 157.0 11.6 938.0 845.0 28.0 46.68 
350.0 0.0 0.0 203.0 0.0 974.0 775.0 7.0 18.13 
238.1 0.0 94.1 186.7 7.0 949.9 847.0 28.0 30.23 
237.5 237.5 0.0 228.0 0.0 932.0 594.0 365.0 39.0 
182.0 45.2 122.0 170.2 8.2 1059.4 780.7 28.0 31.27 
289.0 0.0 0.0 192.0 0.0 913.2 895.3 90.0 32.07 
222.4 0.0 96.7 189.3 4.5 967.1 870.3 3.0 11.58 
362.6 189.0 0.0 164.9 11.6 944.7 755.8 56.0 77.3 
525.0 0.0 0.0 189.0 0.0 1125.0 613.0 90.0 58.78 
277.1 0.0 97.4 160.6 11.8 973.9 875.6 56.0 51.04 
313.0 161.0 0.0 178.0 10.0 917.0 759.0 28.0 52.44 
192.0 288.0 0.0 192.0 0.0 929.8 716.1 7.0 21.48 
152.0 178.0 139.0 168.0 18.0 944.0 695.0 28.0 36.35 
298.0 0.0 107.0 210.0 11.0 880.0 744.0 28.0 31.87 
186.2 124.1 0.0 185.7 0.0 1083.4 764.3 28.0 17.6 
151.8 178.1 138.7 167.5 18.3 944.0 694.6 28.0 36.35 
225.0 0.0 0.0 181.0 0.0 1113.0 833.0 28.0 17.34 
290.4 0.0 96.2 168.1 9.4 961.2 865.0 100.0 48.97 
326.0 0.0 138.0 199.0 11.0 801.0 792.0 28.0 40.68 
277.1 0.0 97.4 160.6 11.8 973.9 875.6 28.0 48.28 
528.0 0.0 0.0 185.0 6.9 920.0 720.0 28.0 56.83 
254.0 0.0 0.0 198.0 0.0 968.0 863.0 365.0 29.79 
349.0 0.0 0.0 192.0 0.0 1056.0 809.0 90.0 40.66 
388.6 97.1 0.0 157.9 12.1 852.1 925.7 56.0 55.2 
400.0 0.0 0.0 187.0 0.0 1025.0 745.0 28.0 43.7 
425.0 106.3 0.0 151.4 18.6 936.0 803.7 3.0 36.3 
316.1 210.7 0.0 185.7 0.0 977.0 689.3 28.0 38.7 
190.7 0.0 125.4 162.1 7.8 1090.0 804.0 100.0 40.57 
288.4 121.0 0.0 177.4 7.0 907.9 829.5 28.0 42.14 
286.3 200.9 0.0 144.7 11.2 1004.6 803.7 91.0 76.8 
313.3 262.2 0.0 175.5 8.6 1046.9 611.8 91.0 66.6 
212.0 0.0 124.8 159.0 7.8 1085.4 799.5 100.0 47.82 
153.0 239.0 0.0 200.0 6.0 1002.0 684.0 28.0 26.86 
250.0 180.0 95.0 159.0 9.5 860.0 800.0 28.0 67.87 
250.0 0.0 95.7 187.4 5.5 956.9 861.2 100.0 42.35 
228.0 342.1 0.0 185.7 0.0 955.8 674.3 28.0 39.7 
387.0 20.0 94.0 157.0 14.3 938.0 845.0 7.0 36.84 
520.0 0.0 0.0 175.0 5.2 870.0 805.0 28.0 51.02 
296.0 0.0 0.0 192.0 0.0 1085.0 765.0 7.0 14.2 
262.0 111.0 86.0 195.0 5.0 895.0 733.0 28.0 33.72 
254.0 0.0 0.0 198.0 0.0 968.0 863.0 3.0 9.31 
147.0 115.0 89.0 202.0 9.0 860.0 829.0 28.0 19.99 
424.0 22.0 132.0 168.0 8.9 822.0 750.0 7.0 40.29 
165.0 128.5 132.1 175.1 8.1 1005.8 746.6 100.0 55.02 
238.1 0.0 0.0 185.7 0.0 1118.8 789.3 7.0 10.34 
167.4 129.9 128.6 175.5 7.8 1006.3 746.6 28.0 41.2 
148.0 0.0 137.0 158.0 16.0 1002.0 830.0 28.0 17.95 
144.0 170.0 133.0 192.0 8.0 814.0 805.0 28.0 29.87 
313.3 262.2 0.0 175.5 8.6 1046.9 611.8 7.0 42.8 
250.2 166.8 0.0 203.5 0.0 977.6 694.1 3.0 9.73 
355.0 19.0 97.0 145.0 13.1 967.0 871.0 28.0 44.03 
160.0 250.0 0.0 168.0 12.0 1049.0 688.0 28.0 39.45 
337.9 189.0 0.0 174.9 9.5 944.7 755.8 91.0 67.8 
168.0 42.1 163.8 121.8 5.7 1058.7 780.1 14.0 17.82 
272.6 0.0 89.6 198.7 10.6 931.3 762.2 28.0 32.25 
491.0 26.0 123.0 210.0 3.9 882.0 699.0 56.0 59.59 
313.3 262.2 0.0 175.5 8.6 1046.9 611.8 56.0 64.9 
190.0 190.0 0.0 228.0 0.0 932.0 670.0 28.0 40.86 
304.0 76.0 0.0 228.0 0.0 932.0 670.0 270.0 54.38 
289.0 0.0 0.0 192.0 0.0 913.2 895.3 3.0 11.65 
295.7 0.0 95.6 171.5 8.9 955.1 859.2 56.0 48.72 
151.6 0.0 111.9 184.4 7.9 992.0 815.9 28.0 12.18 
339.0 0.0 0.0 185.0 0.0 1060.0 754.0 28.0 31.65 
255.5 170.3 0.0 185.7 0.0 1026.6 724.3 7.0 17.24 
164.2 0.0 200.1 181.2 12.6 849.3 846.0 28.0 15.09 
139.6 209.4 0.0 192.0 0.0 1047.0 806.9 180.0 44.21 
374.3 0.0 0.0 190.2 6.7 1013.2 730.4 28.0 39.06 
446.0 24.0 79.0 162.0 10.3 967.0 712.0 56.0 54.77 
200.0 133.0 0.0 192.0 0.0 965.4 806.2 90.0 43.25 
382.0 0.0 0.0 185.0 0.0 1047.0 739.0 28.0 37.42 
173.0 116.0 0.0 192.0 0.0 946.8 856.8 28.0 24.28 
362.6 189.0 0.0 164.9 11.6 944.7 755.8 3.0 35.3 
136.0 196.0 98.0 199.0 6.0 847.0 783.0 28.0 26.97 
154.0 144.0 112.0 220.0 10.0 923.0 658.0 28.0 16.5 
165.0 0.0 143.6 163.8 0.0 1005.6 900.9 14.0 16.88 
231.8 0.0 121.6 174.0 6.7 1056.4 778.5 3.0 15.44 
424.0 22.0 132.0 178.0 8.5 822.0 750.0 28.0 62.05 
160.0 128.0 122.0 182.0 6.4 824.0 879.0 28.0 39.4 
427.5 47.5 0.0 228.0 0.0 932.0 594.0 365.0 43.7 
491.0 26.0 123.0 201.0 3.9 822.0 699.0 7.0 37.92 
249.1 0.0 98.8 158.1 12.8 987.8 889.0 56.0 42.03 
116.0 173.0 0.0 192.0 0.0 909.8 891.9 28.0 22.35 
333.0 17.5 163.0 167.0 17.9 996.0 652.0 28.0 47.28 
475.0 0.0 0.0 228.0 0.0 932.0 594.0 270.0 42.13 
297.2 0.0 117.5 174.8 9.5 1022.8 753.5 56.0 51.96 
158.8 238.2 0.0 185.7 0.0 1040.6 734.3 28.0 21.07 
183.9 122.6 0.0 203.5 0.0 959.2 800.0 28.0 24.05 
281.0 0.0 0.0 185.0 0.0 1104.0 774.0 28.0 22.44 
387.0 20.0 94.0 157.0 13.9 938.0 845.0 28.0 46.68 
144.8 0.0 133.6 180.8 11.1 979.5 811.5 28.0 13.2 
132.0 207.0 161.0 179.0 5.0 867.0 736.0 28.0 33.3 
202.0 11.0 141.0 206.0 1.7 942.0 801.0 3.0 9.85 
289.0 133.7 0.0 194.9 5.5 924.1 760.1 28.0 46.25 
165.0 128.5 132.1 175.1 8.1 1005.8 746.6 28.0 46.39 
246.8 0.0 125.1 143.3 12.0 1086.8 800.9 56.0 60.32 
315.0 137.0 0.0 145.0 5.9 1130.0 745.0 28.0 81.75 
184.0 86.0 190.0 213.0 6.0 923.0 623.0 28.0 22.93 
350.0 0.0 0.0 203.0 0.0 974.0 775.0 56.0 29.98 
446.0 24.0 79.0 162.0 11.6 967.0 712.0 7.0 52.01 
236.0 157.0 0.0 192.0 0.0 972.6 749.1 28.0 32.88 
359.0 19.0 141.0 154.0 10.9 942.0 801.0 7.0 35.75 
145.0 0.0 179.0 202.0 8.0 824.0 869.0 28.0 10.54 
280.0 129.0 100.0 172.0 9.0 825.0 805.0 28.0 52.82 
143.0 169.4 142.7 190.7 8.4 967.4 643.5 28.0 29.73 
141.3 212.0 0.0 203.5 0.0 971.8 748.5 7.0 10.39 
277.2 97.8 24.5 160.7 11.2 1061.7 782.5 14.0 47.71 
190.0 190.0 0.0 228.0 0.0 932.0 670.0 365.0 53.69 
310.0 0.0 0.0 192.0 0.0 970.0 850.0 90.0 34.68 
295.8 0.0 0.0 185.7 0.0 1091.4 769.3 7.0 14.84 
212.1 0.0 121.6 180.3 5.7 1057.6 779.3 14.0 20.92 
272.8 181.9 0.0 185.7 0.0 1012.4 714.3 28.0 31.38 
194.7 0.0 100.5 170.2 7.5 998.0 901.8 3.0 12.18 
142.0 167.0 130.0 174.0 11.0 883.0 785.0 28.0 44.61 
218.2 54.6 123.8 140.8 11.9 1075.7 792.7 100.0 63.53 
325.0 0.0 0.0 184.0 0.0 1063.0 783.0 28.0 30.57 
252.3 0.0 98.8 146.3 14.2 987.8 889.0 56.0 55.83 
190.3 0.0 125.2 166.6 9.9 1079.0 798.9 28.0 24.85 
275.0 180.0 120.0 162.0 10.4 830.0 765.0 28.0 76.24 
540.0 0.0 0.0 173.0 0.0 1125.0 613.0 28.0 67.31 
236.9 91.7 71.5 246.9 6.0 852.9 695.4 28.0 28.63 
236.0 0.0 0.0 193.0 0.0 968.0 885.0 7.0 9.99 
229.7 0.0 118.2 195.2 6.1 1028.1 757.6 100.0 40.86 
313.0 145.0 0.0 178.0 8.0 867.0 824.0 28.0 44.39 
220.8 147.2 0.0 185.7 0.0 1055.0 744.3 7.0 13.09 
275.0 0.0 0.0 183.0 0.0 1088.0 808.0 7.0 14.2 
168.9 42.2 124.3 158.3 10.8 1080.8 796.2 56.0 39.15 
380.0 95.0 0.0 228.0 0.0 932.0 594.0 365.0 43.7 
213.8 98.1 24.5 181.7 6.7 1066.0 785.5 28.0 40.23 
116.0 173.0 0.0 192.0 0.0 909.8 891.9 90.0 31.02 
213.8 98.1 24.5 181.7 6.7 1066.0 785.5 100.0 49.97 
145.4 0.0 178.9 201.7 7.8 824.0 868.7 28.0 10.54 
339.2 0.0 0.0 185.7 0.0 1069.2 754.3 7.0 21.18 
181.9 272.8 0.0 185.7 0.0 1012.4 714.3 28.0 27.94 
475.0 118.8 0.0 181.1 8.9 852.1 781.5 7.0 55.6 
173.5 50.1 173.5 164.8 6.5 1006.2 793.5 100.0 56.06 
385.0 0.0 136.0 158.0 20.0 903.0 768.0 28.0 55.55 
275.1 0.0 121.4 159.5 9.9 1053.6 777.5 100.0 58.61 
251.4 0.0 118.3 192.9 5.8 1043.6 754.3 100.0 40.15 
264.5 111.0 86.5 195.5 5.9 832.6 790.4 28.0 41.54 
251.8 0.0 99.9 146.1 12.4 1006.0 899.8 100.0 45.37 
165.0 128.5 132.1 175.1 8.1 1005.8 746.6 3.0 19.42 
427.5 47.5 0.0 228.0 0.0 932.0 594.0 7.0 35.08 
255.0 99.0 77.0 189.0 6.0 919.0 749.0 28.0 33.8 
339.0 0.0 0.0 185.0 0.0 1069.0 754.0 7.0 21.16 
198.6 132.4 0.0 192.0 0.0 978.4 825.5 180.0 41.72 
389.9 189.0 0.0 145.9 22.0 944.7 755.8 28.0 74.5 
362.6 189.0 0.0 164.9 11.6 944.7 755.8 91.0 79.3 
339.0 0.0 0.0 197.0 0.0 968.0 781.0 365.0 38.89 
153.0 102.0 0.0 192.0 0.0 888.0 943.1 3.0 4.78 
250.0 0.0 0.0 182.0 0.0 1100.0 820.0 28.0 20.87 
516.0 0.0 0.0 162.0 8.2 801.0 802.0 28.0 41.37 
323.7 282.8 0.0 183.8 10.3 942.7 659.9 56.0 80.2 
246.8 0.0 125.1 143.3 12.0 1086.8 800.9 100.0 66.42 
525.0 0.0 0.0 189.0 0.0 1125.0 613.0 3.0 33.8 
322.0 0.0 0.0 203.0 0.0 974.0 800.0 180.0 29.59 
190.3 0.0 125.2 161.9 9.9 1088.1 802.6 56.0 38.56 
