540.0 0.0 0.0 173.0 0.0 1125.0 613.0 90.0 69.66 
339.0 0.0 0.0 185.0 0.0 1060.0 754.0 28.0 31.65 
116.0 173.0 0.0 192.0 0.0 909.8 891.9 7.0 10.09 
401.8 94.7 0.0 147.4 11.4 946.8 852.1 56.0 73.7 
362.6 189.0 0.0 164.9 11.6 944.7 755.8 7.0 55.9 
284.0 15.0 141.0 179.0 5.5 842.0 801.0 7.0 24.13 
266.0 112.0 87.0 178.0 10.0 910.0 745.0 28.0 39.42 
290.4 0.0 96.2 168.1 9.4 961.2 865.0 3.0 22.5 
500.0 0.0 0.0 200.0 0.0 1125.0 613.0 3.0 26.06 
173.0 116.0 0.0 192.0 0.0 946.8 856.8 3.0 6.94 
500.0 0.0 0.0 140.0 4.0 966.0 853.0 28.0 67.57 
310.0 0.0 0.0 192.0 0.0 1012.0 830.0 90.0 35.76 
362.6 189.0 0.0 164.9 11.6 944.7 755.8 91.0 79.3 
159.0 209.0 161.0 201.0 7.0 848.0 669.0 28.0 30.88 
212.0 0.0 124.8 159.0 7.8 1085.4 799.5 56.0 45.08 
155.0 183.0 0.0 193.0 9.0 877.0 868.0 28.0 23.79 
162.0 214.0 164.0 202.0 10.0 820.0 680.0 28.0 30.65 
298.0 0.0 107.0 164.0 13.0 953.0 784.0 28.0 35.86 
183.9 122.6 0.0 203.5 0.0 959.2 800.0 90.0 32.53 
213.7 0.0 174.7 154.8 10.2 1053.5 776.4 56.0 46.64 
531.3 0.0 0.0 141.8 28.2 852.1 893.7 56.0 58.8 
250.0 180.0 95.0 159.0 9.5 860.0 800.0 28.0 67.87 
314.0 145.3 113.2 178.9 8.0 869.1 690.2 28.0 46.23 
323.7 282.8 0.0 183.8 10.3 942.7 659.9 3.0 28.3 
337.9 189.0 0.0 174.9 9.5 944.7 755.8 28.0 49.9 
154.8 183.4 0.0 193.3 9.1 877.2 867.7 28.0 23.79 
339.2 0.0 0.0 185.7 0.0 1069.2 754.3 7.0 21.18 
164.0 0.0 200.0 181.0 13.0 849.0 846.0 28.0 15.09 
339.0 0.0 0.0 197.0 0.0 968.0 781.0 7.0 20.97 
213.7 98.1 24.5 181.7 6.9 1065.8 785.4 100.0 53.9 
281.0 0.0 0.0 186.0 0.0 1104.0 774.0 7.0 14.5 
362.6 189.0 0.0 164.9 11.6 944.7 755.8 3.0 35.3 
148.1 0.0 182.1 181.4 15.0 838.9 884.3 28.0 15.53 
272.8 181.9 0.0 185.7 0.0 1012.4 714.3 28.0 31.38 
162.0 190.0 148.0 179.0 19.0 838.0 741.0 28.0 33.76 
135.7 203.5 0.0 185.7 0.0 1076.2 759.3 7.0 7.51 
389.9 189.0 0.0 145.9 22.0 944.7 755.8 28.0 74.5 
314.0 0.0 113.0 170.0 10.0 925.0 783.0 28.0 38.46 
108.3 162.4 0.0 203.5 0.0 938.2 849.0 3.0 2.33 
222.4 0.0 96.7 189.3 4.5 967.1 870.3 3.0 11.58 
313.3 145.0 0.0 178.5 8.0 867.2 824.0 28.0 40.93 
231.8 0.0 121.6 174.0 6.7 1056.4 778.5 56.0 42.7 
230.0 0.0 118.3 195.5 4.6 1029.4 758.6 28.0 24.48 
152.6 238.7 0.0 200.0 6.3 1001.8 683.9 28.0 26.86 
424.0 22.0 132.0 178.0 8.5 822.0 750.0 56.0 65.7 
290.2 193.5 0.0 185.7 0.0 998.2 704.3 7.0 21.86 
194.7 0.0 100.5 170.2 7.5 998.0 901.8 100.0 44.28 
213.7 98.1 24.5 181.7 6.9 1065.8 785.4 14.0 30.39 
322.0 0.0 0.0 203.0 0.0 974.0 800.0 180.0 29.59 
173.8 93.4 159.9 172.3 9.7 1007.2 746.6 56.0 48.99 
255.0 0.0 0.0 192.0 0.0 889.8 945.0 28.0 18.75 
145.0 116.0 119.0 184.0 5.7 833.0 880.0 28.0 29.16 
275.1 0.0 121.4 159.5 9.9 1053.6 777.5 100.0 58.61 
198.6 132.4 0.0 192.0 0.0 978.4 825.5 28.0 28.02 
425.0 106.3 0.0 153.5 16.5 852.1 887.1 7.0 49.2 
480.0 0.0 0.0 192.0 0.0 936.2 712.2 90.0 54.32 
155.0 183.0 0.0 193.0 9.0 1047.0 697.0 28.0 18.28 
183.9 122.6 0.0 203.5 0.0 959.2 800.0 3.0 4.9 
194.7 0.0 100.5 165.6 7.5 1006.4 905.9 56.0 33.96 
141.3 212.0 0.0 203.5 0.0 971.8 748.5 3.0 4.83 
133.0 210.0 0.0 196.0 3.0 949.0 795.0 28.0 31.03 
318.8 212.5 0.0 155.7 14.3 852.1 880.4 56.0 66.1 
322.2 0.0 115.6 196.0 10.4 817.9 813.4 28.0 31.18 
165.0 0.0 143.6 163.8 0.0 1005.6 900.9 3.0 14.4 
108.3 162.4 0.0 203.5 0.0 938.2 849.0 90.0 29.23 
342.0 38.0 0.0 228.0 0.0 932.0 670.0 365.0 56.14 
190.7 0.0 125.4 162.1 7.8 1090.0 804.0 28.0 26.4 
198.6 132.4 0.0 192.0 0.0 978.4 825.5 7.0 14.64 
446.0 24.0 79.0 162.0 11.6 967.0 712.0 56.0 61.07 
359.0 19.0 141.0 154.0 10.9 942.0 801.0 28.0 59.49 
182.0 45.2 122.0 170.2 8.2 1059.4 780.7 100.0 48.67 
356.0 119.0 0.0 160.0 9.0 1061.0 657.0 28.0 59.0 
349.0 0.0 0.0 192.0 0.0 1047.0 806.0 90.0 39.49 
439.0 177.0 0.0 186.0 11.1 884.9 707.9 3.0 39.3 
374.0 189.2 0.0 170.1 10.1 926.1 756.7 56.0 63.4 
305.3 203.5 0.0 203.5 0.0 965.4 631.0 28.0 43.38 
251.4 0.0 118.3 188.5 6.4 1028.4 757.7 56.0 36.64 
143.7 170.2 132.6 191.6 8.5 814.1 805.3 28.0 29.87 
165.0 128.5 132.1 175.1 8.1 1005.8 746.6 56.0 53.72 
190.3 0.0 125.2 166.6 9.9 1079.0 798.9 14.0 19.42 
288.0 121.0 0.0 177.0 7.0 908.0 829.0 28.0 42.13 
288.0 192.0 0.0 192.0 0.0 932.0 717.8 28.0 38.8 
480.0 0.0 0.0 192.0 0.0 936.2 712.2 3.0 24.4 
401.8 94.7 0.0 147.4 11.4 946.8 852.1 28.0 68.5 
236.0 0.0 0.0 194.0 0.0 968.0 885.0 28.0 18.42 
322.5 148.6 0.0 185.8 8.5 951.0 709.5 28.0 52.43 
166.8 250.2 0.0 203.5 0.0 975.6 692.6 90.0 43.57 
425.0 106.3 0.0 153.5 16.5 852.1 887.1 28.0 60.29 
425.0 106.3 0.0 153.5 16.5 852.1 887.1 56.0 64.3 
251.8 0.0 99.9 146.1 12.4 1006.0 899.8 28.0 33.94 
388.6 97.1 0.0 157.9 12.1 852.1 925.7 7.0 34.9 
475.0 0.0 0.0 162.0 9.5 1044.0 662.0 28.0 58.52 
266.2 112.3 87.5 177.9 10.4 909.7 744.5 28.0 39.42 
212.1 0.0 121.6 180.3 5.7 1057.6 779.3 28.0 24.9 
380.0 0.0 0.0 228.0 0.0 932.0 670.0 365.0 52.52 
237.0 92.0 71.0 247.0 6.0 853.0 695.0 28.0 28.63 
296.0 0.0 0.0 192.0 0.0 1085.0 765.0 28.0 21.65 
173.5 50.1 173.5 164.8 6.5 1006.2 793.5 28.0 38.2 
388.6 97.1 0.0 157.9 12.1 852.1 925.7 3.0 28.1 
194.7 0.0 100.5 170.2 7.5 998.0 901.8 28.0 37.27 
333.0 0.0 0.0 192.0 0.0 931.2 842.6 3.0 15.62 
146.5 114.6 89.3 201.9 8.8 860.0 829.5 28.0 19.99 
277.1 0.0 97.4 160.6 11.8 973.9 875.6 56.0 51.04 
213.7 0.0 174.7 154.8 10.2 1053.5 776.4 14.0 33.73 
166.1 0.0 163.3 176.5 4.5 1058.6 780.1 56.0 28.63 
339.0 0.0 0.0 185.0 0.0 1069.0 754.0 28.0 31.84 
156.0 178.0 187.0 221.0 7.0 854.0 614.0 28.0 29.41 
213.7 98.1 24.5 181.7 6.9 1065.8 785.4 28.0 45.71 
332.5 142.5 0.0 228.0 0.0 932.0 594.0 180.0 39.78 
165.0 0.0 150.0 182.0 12.0 1023.0 729.0 28.0 18.03 
182.0 45.2 122.0 170.2 8.2 1059.4 780.7 3.0 7.32 
252.0 0.0 0.0 186.0 0.0 1111.0 784.0 7.0 11.47 
251.4 0.0 118.3 192.9 5.8 1043.6 754.3 28.0 33.27 
252.0 0.0 0.0 185.0 0.0 1111.0 784.0 28.0 19.69 
284.0 15.0 141.0 179.0 5.5 842.0 801.0 3.0 13.4 
295.8 0.0 0.0 185.7 0.0 1091.4 769.3 7.0 14.84 
173.5 50.1 173.5 164.8 6.5 1006.2 793.5 14.0 33.01 
102.0 153.0 0.0 192.0 0.0 887.0 942.0 90.0 25.46 
194.7 0.0 100.5 165.6 7.5 1006.4 905.9 100.0 37.34 
425.0 106.3 0.0 151.4 18.6 936.0 803.7 3.0 36.3 
380.0 95.0 0.0 228.0 0.0 932.0 594.0 365.0 43.7 
284.0 119.7 0.0 168.3 7.2 970.4 794.2 28.0 40.93 
298.0 0.0 107.0 210.0 11.0 880.0 744.0 28.0 31.87 
190.7 0.0 125.4 162.1 7.8 1090.0 804.0 56.0 35.34 
491.0 26.0 123.0 201.0 3.9 822.0 699.0 28.0 57.92 
310.0 0.0 0.0 192.0 0.0 970.0 850.0 180.0 37.33 
362.6 189.0 0.0 164.9 11.6 944.7 755.8 56.0 77.3 
387.0 20.0 94.0 157.0 14.3 938.0 845.0 7.0 36.84 
380.0 95.0 0.0 228.0 0.0 932.0 594.0 28.0 36.45 
290.4 0.0 96.2 168.1 9.4 961.2 865.0 56.0 45.08 
381.4 0.0 0.0 185.7 0.0 1104.6 784.3 28.0 22.49 
323.7 282.8 0.0 183.8 10.3 942.7 659.9 7.0 49.8 
540.0 0.0 0.0 173.0 0.0 1125.0 613.0 7.0 52.61 
213.7 0.0 174.7 154.8 10.2 1053.5 776.4 3.0 17.57 
133.0 200.0 0.0 192.0 0.0 927.4 839.2 7.0 13.66 
200.0 133.0 0.0 192.0 0.0 965.4 806.2 28.0 30.44 
491.0 26.0 123.0 210.0 3.9 882.0 699.0 28.0 55.55 
132.0 207.0 161.0 179.0 5.0 867.0 736.0 28.0 33.3 
231.8 0.0 121.6 174.0 6.7 1056.4 778.5 28.0 33.73 
297.2 0.0 117.5 174.8 9.5 1022.8 753.5 28.0 47.4 
500.0 0.0 0.0 200.0 0.0 1125.0 613.0 14.0 36.94 
313.3 145.0 0.0 178.5 8.0 1001.9 688.7 28.0 41.05 
362.6 189.0 0.0 164.9 11.6 944.7 755.8 91.0 79.3 
362.6 189.0 0.0 164.9 11.6 944.7 755.8 91.0 79.3 
272.6 0.0 89.6 198.7 10.6 931.3 762.2 28.0 32.25 
310.0 0.0 0.0 192.0 0.0 971.0 850.6 3.0 9.87 
339.0 0.0 0.0 197.0 0.0 968.0 781.0 3.0 13.22 
193.5 290.2 0.0 185.7 0.0 998.2 704.3 7.0 17.2 
166.1 0.0 163.3 176.5 4.5 1058.6 780.1 14.0 25.48 
321.0 0.0 128.0 182.0 11.0 870.0 780.0 28.0 37.26 
475.0 0.0 0.0 228.0 0.0 932.0 594.0 180.0 42.62 
439.0 177.0 0.0 186.0 11.1 884.9 707.9 28.0 66.0 
424.0 22.0 132.0 168.0 8.9 822.0 750.0 7.0 40.29 
143.0 169.4 142.7 190.7 8.4 967.4 643.5 28.0 29.73 
159.8 250.0 0.0 168.4 12.2 1049.3 688.2 28.0 39.46 
277.0 117.0 91.0 191.0 7.0 946.0 666.0 28.0 43.57 
249.1 0.0 98.8 158.1 12.8 987.8 889.0 28.0 30.85 
289.0 133.7 0.0 194.9 5.5 924.1 760.1 28.0 46.25 
172.4 13.6 172.4 156.8 4.1 1006.3 856.4 3.0 21.29 
146.0 173.0 0.0 182.0 3.0 986.0 817.0 28.0 23.74 
290.2 193.5 0.0 185.7 0.0 998.2 704.3 28.0 33.04 
525.0 0.0 0.0 189.0 0.0 1125.0 613.0 14.0 48.4 
173.5 50.1 173.5 164.8 6.5 1006.2 793.5 3.0 23.08 
446.0 24.0 79.0 162.0 10.3 967.0 712.0 56.0 54.77 
213.5 0.0 174.2 154.6 11.7 1052.3 775.5 100.0 59.3 
230.0 0.0 118.3 195.5 4.6 1029.4 758.6 100.0 35.34 
450.1 50.0 0.0 200.0 3.0 1124.4 613.2 28.0 39.38 
331.0 0.0 0.0 192.0 0.0 1025.0 821.0 3.0 14.31 
218.9 0.0 124.1 158.5 11.3 1078.7 794.9 100.0 46.23 
446.0 24.0 79.0 162.0 10.3 967.0 712.0 28.0 53.39 
362.6 189.0 0.0 164.9 11.6 944.7 755.8 56.0 77.3 
374.0 189.2 0.0 170.1 10.1 926.1 756.7 28.0 61.09 
424.0 22.0 132.0 178.0 8.5 822.0 750.0 7.0 39.0 
122.6 183.9 0.0 203.5 0.0 958.2 800.1 3.0 3.32 
310.0 0.0 0.0 192.0 0.0 970.0 850.0 360.0 38.11 
436.0 0.0 0.0 218.0 0.0 838.4 719.7 28.0 23.85 
307.0 0.0 0.0 193.0 0.0 968.0 812.0 90.0 32.92 
389.9 189.0 0.0 145.9 22.0 944.7 755.8 56.0 79.4 
144.0 170.0 133.0 192.0 8.0 814.0 805.0 28.0 29.87 
540.0 0.0 0.0 173.0 0.0 1125.0 613.0 3.0 41.64 
212.0 0.0 124.8 159.0 7.8 1085.4 799.5 3.0 19.52 
251.4 0.0 118.3 188.5 5.8 1028.4 757.7 28.0 29.65 
266.0 114.0 0.0 228.0 0.0 932.0 670.0 270.0 51.73 
167.4 129.9 128.6 175.5 7.8 1006.3 746.6 100.0 53.66 
522.0 0.0 0.0 146.0 0.0 896.0 896.0 7.0 50.51 
213.5 0.0 174.2 159.2 11.7 1043.6 771.9 56.0 51.26 
153.0 145.0 113.0 178.0 8.0 1002.0 689.0 28.0 25.56 
385.0 0.0 136.0 158.0 20.0 903.0 768.0 28.0 55.55 
310.0 0.0 0.0 192.0 0.0 1012.0 830.0 120.0 38.7 
310.0 0.0 0.0 192.0 0.0 970.0 850.0 90.0 34.68 
145.9 230.5 0.0 202.5 3.4 827.0 871.8 28.0 32.72 
237.5 237.5 0.0 228.0 0.0 932.0 594.0 7.0 26.26 
331.0 0.0 0.0 192.0 0.0 978.0 825.0 28.0 31.45 
160.0 128.0 122.0 182.0 6.4 824.0 879.0 28.0 39.4 
427.5 47.5 0.0 228.0 0.0 932.0 594.0 180.0 41.84 
234.0 156.0 0.0 189.0 5.9 981.0 760.0 28.0 39.3 
262.0 111.0 86.0 195.0 5.0 895.0 733.0 28.0 33.72 
155.2 183.9 143.2 193.8 9.2 879.6 698.5 28.0 28.99 
350.0 0.0 0.0 203.0 0.0 974.0 775.0 56.0 29.98 
192.0 288.0 0.0 192.0 0.0 929.8 716.1 90.0 50.73 
190.0 190.0 0.0 228.0 0.0 932.0 670.0 28.0 40.86 
250.0 0.0 95.7 187.4 5.5 956.9 861.2 100.0 42.35 
246.8 0.0 125.1 143.3 12.0 1086.8 800.9 28.0 52.5 
164.2 0.0 200.1 181.2 12.6 849.3 846.0 28.0 15.09 
166.1 0.0 163.3 176.5 4.5 1058.6 780.1 100.0 33.54 
349.0 0.0 0.0 192.0 0.0 1047.0 806.0 3.0 14.99 
203.5 305.3 0.0 203.5 0.0 963.4 630.0 3.0 9.56 
401.8 94.7 0.0 147.4 11.4 946.8 852.1 7.0 54.1 
295.0 0.0 0.0 185.0 0.0 1069.0 769.0 28.0 25.18 
193.5 290.2 0.0 185.7 0.0 998.2 704.3 28.0 32.63 
239.6 359.4 0.0 185.7 0.0 941.6 664.3 7.0 25.42 
389.9 189.0 0.0 145.9 22.0 944.7 755.8 7.0 59.09 
480.0 0.0 0.0 192.0 0.0 936.2 712.2 7.0 34.57 
376.0 0.0 0.0 214.6 0.0 1003.5 762.4 100.0 43.06 
153.6 144.2 112.3 220.1 10.1 923.2 657.9 28.0 16.5 
141.3 212.0 0.0 203.5 0.0 971.8 748.5 90.0 39.66 
531.3 0.0 0.0 141.8 28.2 852.1 893.7 91.0 59.2 
393.0 0.0 0.0 192.0 0.0 940.0 758.0 28.0 39.58 
305.0 0.0 100.0 196.0 10.0 959.0 705.0 28.0 30.12 
385.0 0.0 0.0 186.0 0.0 966.0 763.0 28.0 31.35 
355.0 19.0 97.0 145.0 13.1 967.0 871.0 28.0 44.03 
184.0 86.0 190.0 213.0 6.0 923.0 623.0 28.0 22.93 
143.6 0.0 174.9 158.4 17.9 942.7 844.5 28.0 15.42 
300.0 0.0 0.0 184.0 0.0 1075.0 795.0 7.0 15.58 
349.0 0.0 0.0 192.0 0.0 1047.0 806.0 180.0 41.05 
425.0 106.3 0.0 153.5 16.5 852.1 887.1 7.0 49.2 
337.9 189.0 0.0 174.9 9.5 944.7 755.8 7.0 35.1 
178.0 129.8 118.6 179.9 3.6 1007.3 746.8 28.0 39.16 
375.0 93.8 0.0 126.6 23.4 852.1 992.6 56.0 60.2 
265.0 111.0 86.0 195.0 6.0 833.0 790.0 28.0 41.54 
304.0 76.0 0.0 228.0 0.0 932.0 670.0 365.0 55.26 
296.0 0.0 106.7 221.4 10.5 819.2 778.4 28.0 31.42 
298.0 137.0 107.0 201.0 6.0 878.0 655.0 28.0 53.52 
313.3 262.2 0.0 175.5 8.6 1046.9 611.8 3.0 28.8 
500.0 0.0 0.0 151.0 9.0 1033.0 655.0 28.0 69.84 
165.0 128.5 132.1 175.1 8.1 1005.8 746.6 28.0 46.39 
238.0 0.0 0.0 186.0 0.0 1119.0 789.0 7.0 12.05 
425.0 106.3 0.0 153.5 16.5 852.1 887.1 3.0 33.4 
389.9 189.0 0.0 145.9 22.0 944.7 755.8 91.0 82.6 
397.0 0.0 0.0 185.7 0.0 1040.6 734.3 28.0 33.08 
349.0 0.0 0.0 192.0 0.0 1056.0 809.0 3.0 15.87 
255.5 170.3 0.0 185.7 0.0 1026.6 724.3 28.0 32.05 
312.7 144.7 0.0 127.3 8.0 999.7 822.2 28.0 44.52 
252.0 97.0 76.0 194.0 8.0 835.0 821.0 28.0 33.4 
222.4 0.0 96.7 189.3 4.5 967.1 870.3 28.0 24.89 
525.0 0.0 0.0 189.0 0.0 1125.0 613.0 7.0 42.42 
218.2 54.6 123.8 140.8 11.9 1075.7 792.7 100.0 63.53 
225.0 0.0 0.0 181.0 0.0 1113.0 833.0 7.0 11.17 
203.5 135.7 0.0 185.7 0.0 1076.2 759.3 28.0 22.63 
158.0 0.0 195.0 220.0 11.0 898.0 713.0 28.0 8.54 
160.2 188.0 146.4 203.2 11.3 828.7 709.7 28.0 35.31 
202.0 11.0 141.0 206.0 1.7 942.0 801.0 56.0 23.25 
362.6 189.0 0.0 164.9 11.6 944.7 755.8 28.0 71.3 
154.0 144.0 112.0 220.0 10.0 923.0 658.0 28.0 16.5 
213.8 98.1 24.5 181.7 6.7 1066.0 785.5 56.0 47.13 
424.0 22.0 132.0 178.0 8.5 882.0 750.0 3.0 32.01 
236.0 0.0 0.0 193.0 0.0 968.0 885.0 7.0 9.99 
322.0 0.0 0.0 203.0 0.0 974.0 800.0 14.0 20.77 
190.3 0.0 125.2 161.9 9.9 1088.1 802.6 56.0 38.56 
167.0 187.0 195.0 185.0 7.0 898.0 636.0 28.0 23.89 
238.0 0.0 0.0 186.0 0.0 1119.0 789.0 28.0 17.54 
275.0 180.0 120.0 162.0 10.4 830.0 765.0 28.0 76.24 
214.9 53.8 121.9 155.6 9.6 1014.3 780.6 3.0 18.02 
313.0 161.0 0.0 178.0 10.0 917.0 759.0 28.0 52.44 
277.0 0.0 0.0 191.0 0.0 968.0 856.0 14.0 21.26 
525.0 0.0 0.0 189.0 0.0 1125.0 613.0 270.0 67.11 
298.0 0.0 107.0 186.0 6.0 879.0 815.0 28.0 42.64 
252.3 0.0 98.8 146.3 14.2 987.8 889.0 28.0 50.6 
388.6 97.1 0.0 157.9 12.1 852.1 925.7 56.0 55.2 
139.6 209.4 0.0 192.0 0.0 1047.0 806.9 360.0 44.7 
151.0 0.0 184.0 167.0 12.0 991.0 772.0 28.0 15.57 
427.5 47.5 0.0 228.0 0.0 932.0 594.0 270.0 43.01 
359.0 19.0 141.0 154.0 10.9 942.0 801.0 7.0 35.75 
173.8 93.4 159.9 172.3 9.7 1007.2 746.6 14.0 29.55 
192.0 288.0 0.0 192.0 0.0 929.8 716.1 28.0 39.32 
475.0 0.0 0.0 228.0 0.0 932.0 594.0 365.0 41.93 
425.0 106.3 0.0 151.4 18.6 936.0 803.7 7.0 46.8 
362.6 189.0 0.0 164.9 11.6 944.7 755.8 28.0 71.3 
218.9 0.0 124.1 158.5 11.3 1078.7 794.9 14.0 26.05 
289.0 0.0 0.0 192.0 0.0 913.2 895.3 28.0 25.57 
446.0 24.0 79.0 162.0 11.6 967.0 712.0 7.0 52.01 
289.0 0.0 0.0 192.0 0.0 913.2 895.3 7.0 14.6 
132.0 206.5 160.9 178.9 5.5 866.9 735.6 28.0 33.31 
289.0 0.0 0.0 192.0 0.0 913.2 895.3 90.0 32.07 
251.8 0.0 99.9 146.1 12.4 1006.0 899.8 56.0 44.14 
275.0 0.0 0.0 183.0 0.0 1088.0 808.0 28.0 24.5 
198.6 132.4 0.0 192.0 0.0 978.4 825.5 90.0 38.07 
212.6 0.0 100.4 159.4 10.4 1003.8 903.8 100.0 47.74 
236.0 157.0 0.0 192.0 0.0 972.6 749.1 3.0 13.57 
446.0 24.0 79.0 162.0 11.6 967.0 712.0 28.0 44.42 
168.9 42.2 124.3 158.3 10.8 1080.8 796.2 14.0 23.51 
356.0 0.0 142.0 193.0 11.0 801.0 778.0 28.0 40.87 
222.4 0.0 96.7 189.3 4.5 967.1 870.3 56.0 29.45 
181.4 0.0 167.0 169.6 7.6 1055.6 777.8 14.0 21.6 
362.6 189.0 0.0 164.9 11.6 944.7 755.8 28.0 71.3 
154.0 174.0 185.0 228.0 7.0 845.0 612.0 28.0 24.34 
525.0 0.0 0.0 189.0 0.0 1125.0 613.0 3.0 33.8 
261.0 100.0 78.0 201.0 9.0 864.0 761.0 28.0 32.4 
300.0 0.0 120.0 212.0 10.0 878.0 728.0 28.0 23.84 
313.3 262.2 0.0 175.5 8.6 1046.9 611.8 56.0 64.9 
200.0 200.0 0.0 190.0 0.0 1145.0 660.0 28.0 49.25 
156.0 243.0 0.0 180.0 11.0 1022.0 698.0 28.0 37.36 
139.6 209.4 0.0 192.0 0.0 1047.0 806.9 3.0 8.06 
166.0 259.7 0.0 183.2 12.7 858.8 826.8 28.0 37.92 
168.9 42.2 124.3 158.3 10.8 1080.8 796.2 28.0 31.12 
203.5 305.3 0.0 203.5 0.0 963.4 630.0 28.0 41.68 
393.0 0.0 0.0 192.0 0.0 940.6 785.6 28.0 39.6 
228.0 342.1 0.0 185.7 0.0 955.8 674.3 7.0 21.92 
152.0 178.0 139.0 168.0 18.0 944.0 695.0 28.0 36.35 
333.0 17.5 163.0 167.0 17.9 996.0 652.0 28.0 47.28 
287.0 121.0 94.0 188.0 9.0 904.0 696.0 28.0 41.94 
297.0 0.0 0.0 186.0 0.0 1040.0 734.0 7.0 30.96 
277.2 97.8 24.5 160.7 11.2 1061.7 782.5 3.0 30.45 
170.3 155.5 0.0 185.7 0.0 1026.6 724.3 28.0 25.73 
251.4 0.0 118.3 188.5 6.4 1028.4 757.7 14.0 24.43 
310.0 142.8 0.0 167.9 10.0 914.3 804.0 28.0 45.3 
116.0 173.0 0.0 192.0 0.0 909.8 891.9 3.0 6.28 
212.1 0.0 121.6 180.3 5.7 1057.6 779.3 14.0 20.92 
334.0 17.6 158.0 189.0 15.3 967.0 633.0 28.0 44.33 
380.0 0.0 0.0 228.0 0.0 932.0 670.0 90.0 52.91 
155.0 184.0 143.0 194.0 9.0 880.0 699.0 28.0 28.99 
212.6 0.0 100.4 159.4 10.4 1003.8 903.8 3.0 13.33 
220.8 147.2 0.0 185.7 0.0 1055.0 744.3 7.0 13.09 
255.3 98.8 77.0 188.6 6.5 919.0 749.3 28.0 33.8 
424.0 22.0 132.0 178.0 8.5 822.0 750.0 28.0 62.05 
310.0 143.0 0.0 168.0 10.0 914.0 804.0 28.0 45.3 
116.0 173.0 0.0 192.0 0.0 909.8 891.9 28.0 22.35 
425.0 106.3 0.0 153.5 16.5 852.1 887.1 3.0 33.4 
331.0 0.0 0.0 192.0 0.0 978.0 825.0 90.0 37.23 
491.0 26.0 123.0 210.0 3.9 882.0 699.0 7.0 33.49 
313.0 0.0 0.0 178.0 8.0 1000.0 822.0 28.0 25.1 
255.0 0.0 0.0 192.0 0.0 889.8 945.0 3.0 8.2 
154.8 0.0 142.8 193.3 9.1 877.2 867.7 28.0 9.74 
362.6 189.0 0.0 164.9 11.6 944.7 755.8 3.0 35.3 
181.4 0.0 167.0 169.6 7.6 1055.6 777.8 56.0 35.57 
275.1 0.0 121.4 159.5 9.9 1053.6 777.5 56.0 56.85 
250.0 0.0 95.7 187.4 5.5 956.9 861.2 28.0 29.22 
213.8 98.1 24.5 181.7 6.7 1066.0 785.5 100.0 49.97 
238.1 0.0 0.0 185.7 0.0 1118.8 789.3 28.0 17.58 
246.8 0.0 125.1 143.3 12.0 1086.8 800.9 3.0 23.52 
375.0 0.0 0.0 186.0 0.0 1038.0 758.0 7.0 26.06 
181.4 0.0 167.0 169.6 7.6 1055.6 777.8 28.0 27.77 
122.6 183.9 0.0 203.5 0.0 958.2 800.1 7.0 10.35 
266.0 114.0 0.0 228.0 0.0 932.0 670.0 90.0 47.03 
331.0 0.0 0.0 192.0 0.0 978.0 825.0 360.0 41.24 
393.0 0.0 0.0 192.0 0.0 940.0 758.0 3.0 19.11 
194.7 0.0 100.5 165.6 7.5 1006.4 905.9 3.0 12.45 
133.0 200.0 0.0 192.0 0.0 927.4 839.2 3.0 6.88 
289.0 134.0 0.0 195.0 6.0 924.0 760.0 28.0 46.24 
520.0 0.0 0.0 170.0 5.2 855.0 855.0 28.0 60.28 
321.4 0.0 127.9 182.5 11.5 870.1 779.7 28.0 37.27 
173.8 93.4 159.9 172.3 9.7 1007.2 746.6 100.0 50.94 
425.0 106.3 0.0 153.5 16.5 852.1 887.1 56.0 64.3 
500.0 0.0 0.0 200.0 0.0 1125.0 613.0 180.0 51.04 
238.1 0.0 94.1 186.7 7.0 949.9 847.0 28.0 30.23 
312.7 0.0 0.0 178.1 8.0 999.7 822.2 28.0 25.1 
148.1 0.0 136.6 158.1 16.1 1001.8 830.1 28.0 17.96 
387.0 20.0 94.0 157.0 13.9 938.0 845.0 7.0 45.9 
540.0 0.0 0.0 173.0 0.0 1125.0 613.0 28.0 67.31 
142.0 167.0 130.0 174.0 11.0 883.0 785.0 28.0 44.61 
393.0 0.0 0.0 192.0 0.0 940.6 785.6 90.0 48.85 
168.9 42.2 124.3 158.3 10.8 1080.8 796.2 100.0 48.15 
277.0 0.0 0.0 191.0 0.0 968.0 856.0 3.0 11.36 
297.2 0.0 117.5 174.8 9.5 1022.8 753.5 14.0 36.99 
275.1 0.0 121.4 159.5 9.9 1053.6 777.5 28.0 51.33 
331.0 0.0 0.0 192.0 0.0 978.0 825.0 180.0 39.0 
298.2 0.0 107.0 209.7 11.1 879.6 744.2 28.0 31.88 
212.1 0.0 121.6 180.3 5.7 1057.6 779.3 100.0 39.61 
231.8 0.0 121.6 174.0 6.7 1056.4 778.5 100.0 45.84 
218.2 54.6 123.8 140.8 11.9 1075.7 792.7 28.0 55.51 
387.0 20.0 94.0 157.0 14.3 938.0 845.0 28.0 50.24 
379.5 151.2 0.0 153.9 15.9 1134.3 605.0 28.0 52.2 
168.0 42.1 163.8 121.8 5.7 1058.7 780.1 28.0 24.24 
141.9 166.6 129.7 173.5 10.9 882.6 785.3 28.0 44.61 
140.0 133.0 103.0 200.0 7.0 916.0 753.0 28.0 36.44 
300.0 0.0 0.0 184.0 0.0 1075.0 795.0 28.0 26.85 
249.1 0.0 98.8 158.1 12.8 987.8 889.0 56.0 42.03 
218.2 54.6 123.8 140.8 11.9 1075.7 792.7 3.0 27.42 
255.5 170.3 0.0 185.7 0.0 1026.6 724.3 7.0 17.24 
166.1 0.0 163.3 176.5 4.5 1058.6 780.1 3.0 10.76 
350.0 0.0 0.0 186.0 0.0 1050.0 770.0 28.0 34.29 
237.5 237.5 0.0 228.0 0.0 932.0 594.0 270.0 38.41 
469.0 117.2 0.0 137.8 32.2 852.1 840.5 28.0 66.9 
277.2 97.8 24.5 160.7 11.2 1061.7 782.5 100.0 66.95 
531.3 0.0 0.0 141.8 28.2 852.1 893.7 28.0 56.4 
178.0 129.8 118.6 179.9 3.6 1007.3 746.8 56.0 48.59 
382.5 0.0 0.0 185.7 0.0 1047.8 739.3 7.0 24.07 
332.5 142.5 0.0 228.0 0.0 932.0 594.0 7.0 30.28 
218.9 0.0 124.1 158.5 11.3 1078.7 794.9 3.0 15.34 
277.1 0.0 97.4 160.6 11.8 973.9 875.6 14.0 41.89 
190.3 0.0 125.2 166.6 9.9 1079.0 798.9 100.0 33.56 
330.5 169.6 0.0 194.9 8.1 811.0 802.3 28.0 56.62 
251.4 0.0 118.3 192.9 5.8 1043.6 754.3 3.0 11.98 
389.9 189.0 0.0 145.9 22.0 944.7 755.8 3.0 40.6 
425.0 106.3 0.0 153.5 16.5 852.1 887.1 91.0 65.2 
153.0 102.0 0.0 192.0 0.0 888.0 943.1 28.0 17.96 
153.1 145.0 113.0 178.5 8.0 867.2 824.0 28.0 26.23 
332.5 142.5 0.0 228.0 0.0 932.0 594.0 365.0 41.05 
229.7 0.0 118.2 195.2 6.1 1028.1 757.6 100.0 40.86 
200.0 0.0 0.0 180.0 0.0 1125.0 845.0 28.0 12.25 
318.8 212.5 0.0 155.7 14.3 852.1 880.4 3.0 25.2 
331.0 0.0 0.0 192.0 0.0 879.0 825.0 3.0 13.52 
213.8 98.1 24.5 181.7 6.7 1066.0 785.5 14.0 17.84 
236.0 0.0 0.0 194.0 0.0 968.0 885.0 3.0 6.47 
375.0 0.0 0.0 186.0 0.0 1038.0 758.0 28.0 38.21 
480.0 0.0 0.0 192.0 0.0 936.2 712.2 28.0 43.94 
285.0 190.0 0.0 163.0 7.6 1031.0 685.0 28.0 53.58 
286.3 200.9 0.0 144.7 11.2 1004.6 803.7 56.0 72.99 
214.9 53.8 121.9 155.6 9.6 1014.3 780.6 28.0 52.2 
148.5 139.4 108.6 192.7 6.1 892.4 780.0 28.0 23.7 
374.0 189.2 0.0 170.1 10.1 926.1 756.7 3.0 34.4 
212.0 141.3 0.0 203.5 0.0 973.4 750.0 7.0 15.03 
194.7 0.0 100.5 165.6 7.5 1006.4 905.9 28.0 25.72 
349.0 0.0 0.0 192.0 0.0 1056.0 809.0 7.0 9.01 
173.0 116.0 0.0 192.0 0.0 946.8 856.8 28.0 24.28 
147.0 115.0 89.0 202.0 9.0 860.0 829.0 28.0 19.99 
379.5 151.2 0.0 153.9 15.9 1134.3 605.0 56.0 54.9 
326.0 166.0 0.0 174.0 9.0 882.0 790.0 28.0 61.23 
475.0 0.0 0.0 228.0 0.0 932.0 594.0 28.0 39.29 
250.0 0.0 0.0 182.0 0.0 1100.0 820.0 28.0 20.87 
237.5 237.5 0.0 228.0 0.0 932.0 594.0 28.0 30.08 
255.0 0.0 0.0 192.0 0.0 889.8 945.0 7.0 10.22 
139.6 209.4 0.0 192.0 0.0 1047.0 806.9 180.0 44.21 
212.0 0.0 124.8 159.0 7.8 1085.4 799.5 100.0 47.82 
313.3 262.2 0.0 175.5 8.6 1046.9 611.8 7.0 42.8 
237.5 237.5 0.0 228.0 0.0 932.0 594.0 180.0 36.25 
339.0 0.0 0.0 197.0 0.0 968.0 781.0 180.0 36.45 
295.7 0.0 95.6 171.5 8.9 955.1 859.2 56.0 48.72 
405.0 0.0 0.0 175.0 0.0 1120.0 695.0 28.0 52.3 
251.8 0.0 99.9 146.1 12.4 1006.0 899.8 100.0 45.37 
153.1 145.0 113.0 178.5 8.0 1001.9 688.7 28.0 25.56 
362.6 189.0 0.0 164.9 11.6 944.7 755.8 3.0 35.3 
153.0 102.0 0.0 192.0 0.0 888.0 943.1 90.0 26.32 
212.5 0.0 100.4 159.3 8.7 1007.8 903.6 100.0 42.92 
222.4 0.0 96.7 189.3 4.5 967.1 870.3 14.0 24.45 
505.0 0.0 60.0 195.0 0.0 1030.0 630.0 28.0 64.02 
424.0 22.0 132.0 168.0 8.9 822.0 750.0 3.0 32.11 
212.6 0.0 100.4 159.4 10.4 1003.8 903.8 14.0 25.37 
237.5 237.5 0.0 228.0 0.0 932.0 594.0 90.0 33.12 
491.0 26.0 123.0 210.0 3.9 882.0 699.0 56.0 59.59 
366.0 187.0 0.0 191.3 6.6 824.3 756.9 28.0 65.91 
212.6 0.0 100.4 159.4 10.4 1003.8 903.8 28.0 37.4 
362.6 189.0 0.0 164.9 11.6 944.7 755.8 28.0 71.3 
397.0 0.0 0.0 186.0 0.0 1040.0 734.0 28.0 36.94 
230.0 0.0 118.3 195.5 4.6 1029.4 758.6 56.0 31.54 
202.0 11.0 141.0 206.0 1.7 942.0 801.0 3.0 9.85 
202.0 11.0 141.0 206.0 1.7 942.0 801.0 7.0 15.07 
321.0 164.0 0.0 190.0 5.0 870.0 774.0 28.0 57.21 
277.2 97.8 24.5 160.7 11.2 1061.7 782.5 28.0 63.14 
173.8 93.4 159.9 172.3 9.7 1007.2 746.6 3.0 15.82 
425.0 106.3 0.0 153.5 16.5 852.1 887.1 28.0 60.29 
203.5 135.7 0.0 185.7 0.0 1076.2 759.3 7.0 11.96 
190.3 0.0 125.2 161.9 9.9 1088.1 802.6 28.0 28.47 
190.3 0.0 125.2 161.9 9.9 1088.1 802.6 14.0 22.72 
427.5 47.5 0.0 228.0 0.0 932.0 594.0 28.0 37.43 
252.3 0.0 98.8 146.3 14.2 987.8 889.0 3.0 21.78 
229.7 0.0 118.2 195.2 6.1 1028.1 757.6 14.0 22.32 
446.0 24.0 79.0 162.0 11.6 967.0 712.0 3.0 25.02 
393.0 0.0 0.0 192.0 0.0 940.6 785.6 7.0 27.74 
150.7 0.0 185.3 166.7 15.6 1074.5 678.0 28.0 13.46 
158.8 238.2 0.0 185.7 0.0 1040.6 734.3 7.0 9.62 
251.4 0.0 118.3 188.5 5.8 1028.4 757.7 100.0 43.58 
160.0 188.0 146.0 203.0 11.0 829.0 710.0 28.0 32.84 
233.8 0.0 94.6 197.9 4.6 947.0 852.2 100.0 34.56 
159.0 149.0 116.0 175.0 15.0 953.0 720.0 28.0 27.68 
139.7 163.9 127.7 236.7 5.8 868.6 655.6 28.0 35.23 
310.0 0.0 0.0 192.0 0.0 970.0 850.0 28.0 27.92 
277.0 0.0 0.0 191.0 0.0 968.0 856.0 90.0 31.25 
355.9 0.0 141.6 193.3 11.0 801.4 778.4 28.0 40.87 
339.0 0.0 0.0 197.0 0.0 968.0 781.0 90.0 35.17 
525.0 0.0 0.0 189.0 0.0 1125.0 613.0 90.0 58.78 
362.6 189.0 0.0 164.9 11.6 944.7 755.8 56.0 77.3 
157.0 236.0 0.0 192.0 0.0 935.4 781.2 90.0 43.38 
337.9 189.0 0.0 174.9 9.5 944.7 755.8 91.0 67.8 
229.7 0.0 118.2 195.2 6.1 1028.1 757.6 28.0 24.54 
349.0 0.0 0.0 192.0 0.0 1056.0 809.0 90.0 40.66 
236.0 157.0 0.0 192.0 0.0 972.6 749.1 28.0 32.88 
425.0 106.3 0.0 153.5 16.5 852.1 887.1 56.0 64.3 
387.0 20.0 94.0 157.0 11.6 938.0 845.0 7.0 41.67 
500.0 0.0 0.0 200.0 0.0 1125.0 613.0 270.0 55.16 
427.5 47.5 0.0 228.0 0.0 932.0 594.0 90.0 41.54 
350.0 0.0 0.0 203.0 0.0 974.0 775.0 90.0 31.35 
181.9 272.8 0.0 185.7 0.0 1012.4 714.3 7.0 12.37 
313.8 0.0 112.6 169.9 10.1 925.3 782.9 28.0 38.46 
376.0 0.0 0.0 214.6 0.0 1003.5 762.4 28.0 31.97 
401.8 94.7 0.0 147.4 11.4 946.8 852.1 3.0 41.1 
305.3 203.5 0.0 203.5 0.0 965.4 631.0 3.0 14.14 
236.0 157.0 0.0 192.0 0.0 972.6 749.1 7.0 20.42 
254.0 0.0 0.0 198.0 0.0 968.0 863.0 365.0 29.79 
260.0 101.0 78.0 171.0 10.0 936.0 763.0 28.0 49.77 
313.3 0.0 113.0 178.5 8.0 1001.9 688.7 28.0 36.8 
225.0 0.0 0.0 181.0 0.0 1113.0 833.0 28.0 17.34 
439.0 177.0 0.0 186.0 11.1 884.9 707.9 7.0 56.1 
342.0 38.0 0.0 228.0 0.0 932.0 670.0 90.0 50.46 
522.0 0.0 0.0 146.0 0.0 896.0 896.0 28.0 74.99 
337.9 189.0 0.0 174.9 9.5 944.7 755.8 3.0 24.1 
349.0 0.0 0.0 192.0 0.0 1056.0 809.0 28.0 33.61 
331.0 0.0 0.0 192.0 0.0 978.0 825.0 3.0 13.52 
238.1 0.0 94.1 186.7 7.0 949.9 847.0 14.0 25.69 
362.6 189.0 0.0 164.9 11.6 944.7 755.8 7.0 55.9 
349.0 0.0 0.0 192.0 0.0 1047.0 806.0 360.0 42.13 
315.0 137.0 0.0 145.0 5.9 1130.0 745.0 28.0 81.75 
213.5 0.0 174.2 154.6 11.7 1052.3 775.5 3.0 17.37 
289.0 0.0 0.0 192.0 0.0 913.2 895.3 3.0 11.65 
167.0 75.4 167.0 164.0 7.9 1007.3 770.1 14.0 32.9 
102.0 153.0 0.0 192.0 0.0 887.0 942.0 28.0 17.28 
261.9 110.5 86.1 195.4 5.0 895.2 732.6 28.0 33.72 
286.3 200.9 0.0 144.7 11.2 1004.6 803.7 28.0 67.7 
239.6 359.4 0.0 185.7 0.0 941.6 664.3 28.0 39.44 
133.0 200.0 0.0 192.0 0.0 927.4 839.2 90.0 36.59 
446.0 24.0 79.0 162.0 11.6 967.0 712.0 3.0 35.36 
305.3 203.5 0.0 203.5 0.0 965.4 631.0 90.0 54.6 
236.0 0.0 0.0 194.0 0.0 968.0 885.0 90.0 21.95 
382.0 0.0 0.0 185.0 0.0 1047.0 739.0 7.0 24.0 
237.5 237.5 0.0 228.0 0.0 932.0 594.0 365.0 39.0 
160.0 250.0 0.0 168.0 12.0 1049.0 688.0 28.0 39.45 
333.0 0.0 0.0 192.0 0.0 931.2 842.6 28.0 31.97 
355.0 19.0 97.0 145.0 12.3 967.0 871.0 28.0 55.45 
500.0 0.0 0.0 200.0 0.0 1125.0 613.0 1.0 12.64 
252.0 0.0 0.0 185.0 0.0 1111.0 784.0 28.0 19.69 
157.0 214.0 152.0 200.0 9.0 819.0 704.0 28.0 33.05 
236.0 0.0 0.0 194.0 0.0 968.0 885.0 14.0 12.84 
304.0 76.0 0.0 228.0 0.0 932.0 670.0 270.0 54.38 
380.0 95.0 0.0 228.0 0.0 932.0 594.0 270.0 41.15 
284.0 15.0 141.0 179.0 5.5 842.0 801.0 28.0 43.73 
304.0 76.0 0.0 228.0 0.0 932.0 670.0 180.0 50.95 
540.0 0.0 0.0 173.0 0.0 1125.0 613.0 14.0 59.76 
277.2 97.8 24.5 160.7 11.2 1061.7 782.5 56.0 66.82 
116.0 173.0 0.0 192.0 0.0 909.8 891.9 90.0 31.02 
380.0 95.0 0.0 228.0 0.0 932.0 594.0 7.0 32.82 
254.0 0.0 0.0 198.0 0.0 968.0 863.0 180.0 27.63 
313.0 145.0 0.0 178.0 8.0 867.0 824.0 28.0 44.39 
213.7 98.1 24.5 181.7 6.9 1065.8 785.4 3.0 18.0 
323.7 282.8 0.0 183.8 10.3 942.7 659.9 56.0 80.2 
167.0 75.4 167.0 164.0 7.9 1007.3 770.1 56.0 53.46 
238.1 0.0 94.1 186.7 7.0 949.9 847.0 100.0 44.3 
425.0 106.3 0.0 153.5 16.5 852.1 887.1 91.0 65.2 
190.0 190.0 0.0 228.0 0.0 932.0 670.0 180.0 46.93 
236.0 0.0 0.0 193.0 0.0 968.0 885.0 180.0 24.1 
190.3 0.0 125.2 166.6 9.9 1079.0 798.9 3.0 12.55 
228.0 342.1 0.0 185.7 0.0 955.8 674.3 28.0 39.7 
167.4 129.9 128.6 175.5 7.8 1006.3 746.6 56.0 51.72 
337.9 189.0 0.0 174.9 9.5 944.7 755.8 56.0 59.89 
362.6 189.0 0.0 164.9 11.6 944.7 755.8 7.0 22.9 
139.6 209.4 0.0 192.0 0.0 1047.0 806.9 28.0 28.24 
168.0 42.1 163.8 121.8 5.7 1058.7 780.1 14.0 17.82 
192.0 288.0 0.0 192.0 0.0 929.8 716.1 7.0 21.48 
167.4 129.9 128.6 175.5 7.8 1006.3 746.6 14.0 31.81 
218.2 54.6 123.8 140.8 11.9 1075.7 792.7 56.0 61.99 
295.8 0.0 0.0 185.7 0.0 1091.4 769.3 28.0 25.22 
251.4 0.0 118.3 192.9 5.8 1043.6 754.3 56.0 39.27 
200.0 0.0 0.0 180.0 0.0 1125.0 845.0 7.0 7.84 
388.6 97.1 0.0 157.9 12.1 852.1 925.7 28.0 50.7 
339.2 0.0 0.0 185.7 0.0 1069.2 754.3 28.0 31.9 
251.4 0.0 118.3 188.5 6.4 1028.4 757.7 28.0 32.66 
210.7 316.1 0.0 185.7 0.0 977.0 689.3 28.0 37.81 
214.9 53.8 121.9 155.6 9.6 1014.3 780.6 56.0 53.96 
382.0 0.0 0.0 186.0 0.0 1047.0 739.0 28.0 37.42 
173.8 93.4 159.9 172.3 9.7 1007.2 746.6 28.0 37.81 
475.0 118.8 0.0 181.1 8.9 852.1 781.5 3.0 37.8 
500.0 0.0 0.0 200.0 0.0 1125.0 613.0 28.0 44.09 
167.4 129.9 128.6 175.5 7.8 1006.3 746.6 28.0 41.2 
362.6 189.0 0.0 164.9 11.6 944.7 755.8 56.0 77.3 
266.0 114.0 0.0 228.0 0.0 932.0 670.0 180.0 48.7 
144.8 0.0 133.6 180.8 11.1 979.5 811.5 28.0 13.2 
397.0 0.0 0.0 185.7 0.0 1040.6 734.3 7.0 25.45 
238.2 158.8 0.0 185.7 0.0 1040.6 734.3 28.0 26.91 
491.0 26.0 123.0 201.0 3.9 822.0 699.0 3.0 29.55 
272.8 181.9 0.0 185.7 0.0 1012.4 714.3 7.0 19.77 
475.0 0.0 0.0 228.0 0.0 932.0 594.0 7.0 38.6 
275.1 0.0 121.4 159.5 9.9 1053.6 777.5 3.0 23.8 
322.0 0.0 0.0 203.0 0.0 974.0 800.0 28.0 25.18 
165.0 0.0 143.6 163.8 0.0 1005.6 900.9 56.0 36.56 
194.7 0.0 100.5 170.2 7.5 998.0 901.8 3.0 12.18 
133.1 210.2 0.0 195.7 3.1 949.4 795.3 28.0 28.94 
250.2 166.8 0.0 203.5 0.0 977.6 694.1 28.0 36.96 
186.2 124.1 0.0 185.7 0.0 1083.4 764.3 7.0 8.0 
307.0 0.0 0.0 193.0 0.0 968.0 812.0 180.0 34.49 
491.0 26.0 123.0 210.0 3.9 882.0 699.0 3.0 25.61 
520.0 0.0 0.0 175.0 5.2 870.0 805.0 28.0 51.02 
333.0 0.0 0.0 192.0 0.0 931.2 842.6 90.0 41.68 
277.0 0.0 0.0 191.0 0.0 968.0 856.0 180.0 32.33 
155.0 0.0 143.0 193.0 9.0 1047.0 697.0 28.0 12.46 
203.5 305.3 0.0 203.5 0.0 963.4 630.0 90.0 51.86 
359.0 19.0 141.0 154.0 10.9 942.0 801.0 56.0 66.78 
277.1 0.0 97.4 160.6 11.8 973.9 875.6 100.0 55.64 
266.0 114.0 0.0 228.0 0.0 932.0 670.0 28.0 45.85 
252.3 0.0 98.8 146.3 14.2 987.8 889.0 56.0 55.83 
424.0 22.0 132.0 168.0 8.9 822.0 750.0 28.0 72.1 
183.9 122.6 0.0 203.5 0.0 959.2 800.0 7.0 10.79 
296.0 0.0 107.0 221.0 11.0 819.0 778.0 28.0 31.42 
158.4 0.0 194.9 219.7 11.0 897.7 712.9 28.0 8.54 
213.8 98.1 24.5 181.7 6.7 1066.0 785.5 3.0 13.18 
230.0 0.0 118.3 195.5 4.6 1029.4 758.6 14.0 20.08 
212.5 0.0 100.4 159.3 8.7 1007.8 903.6 3.0 13.54 
322.0 149.0 0.0 186.0 8.0 951.0 709.0 28.0 52.42 
173.5 50.1 173.5 164.8 6.5 1006.2 793.5 56.0 53.77 
178.0 129.8 118.6 179.9 3.6 1007.3 746.8 14.0 34.24 
212.0 0.0 124.8 159.0 7.8 1085.4 799.5 14.0 31.35 
190.0 190.0 0.0 228.0 0.0 932.0 670.0 365.0 53.69 
153.0 239.0 0.0 200.0 6.0 1002.0 684.0 28.0 26.86 
302.0 0.0 0.0 203.0 0.0 974.0 817.0 28.0 21.75 
516.0 0.0 0.0 162.0 8.2 801.0 802.0 28.0 41.37 
249.1 0.0 98.8 158.1 12.8 987.8 889.0 100.0 51.06 
375.0 93.8 0.0 126.6 23.4 852.1 992.6 91.0 62.5 
155.6 243.5 0.0 180.3 10.7 1022.0 697.7 28.0 37.36 
246.8 0.0 125.1 143.3 12.0 1086.8 800.9 14.0 42.22 
233.8 0.0 94.6 197.9 4.6 947.0 852.2 56.0 27.66 
385.0 0.0 0.0 186.0 0.0 966.0 763.0 7.0 23.22 
213.7 0.0 174.7 154.8 10.2 1053.5 776.4 28.0 40.15 
385.0 0.0 0.0 186.0 0.0 966.0 763.0 14.0 27.92 
251.4 0.0 118.3 188.5 6.4 1028.4 757.7 100.0 44.21 
307.0 0.0 0.0 193.0 0.0 968.0 812.0 28.0 27.53 
190.7 0.0 125.4 162.1 7.8 1090.0 804.0 14.0 21.06 
381.4 0.0 0.0 185.7 0.0 1104.6 784.3 7.0 14.54 
349.0 0.0 0.0 192.0 0.0 1047.0 806.9 3.0 15.05 
178.0 129.8 118.6 179.9 3.6 1007.3 746.8 100.0 49.99 
250.2 166.8 0.0 203.5 0.0 977.6 694.1 90.0 47.71 
167.0 75.4 167.0 164.0 7.9 1007.3 770.1 100.0 56.81 
312.9 160.5 0.0 177.6 9.6 916.6 759.5 28.0 52.45 
136.0 162.0 126.0 172.0 10.0 923.0 764.0 28.0 29.07 
148.0 0.0 137.0 158.0 16.0 1002.0 830.0 28.0 17.95 
295.7 0.0 95.6 171.5 8.9 955.1 859.2 14.0 35.23 
250.0 0.0 95.7 187.4 5.5 956.9 861.2 3.0 13.82 
313.0 145.0 0.0 178.0 8.0 1002.0 689.0 28.0 41.05 
151.6 0.0 111.9 184.4 7.9 992.0 815.9 28.0 12.18 
146.0 230.0 0.0 202.0 3.0 827.0 872.0 28.0 33.06 
108.3 162.4 0.0 203.5 0.0 938.2 849.0 7.0 7.72 
310.0 0.0 0.0 192.0 0.0 1012.0 830.0 3.0 11.85 
251.4 0.0 118.3 188.5 5.8 1028.4 757.7 3.0 17.22 
427.5 47.5 0.0 228.0 0.0 932.0 594.0 365.0 43.7 
275.1 0.0 121.4 159.5 9.9 1053.6 777.5 14.0 38.77 
252.0 0.0 0.0 185.0 0.0 1111.0 784.0 7.0 13.71 
214.9 53.8 121.9 155.6 9.6 1014.3 780.6 100.0 56.63 
286.3 200.9 0.0 144.7 11.2 1004.6 803.7 3.0 24.4 
148.0 0.0 182.0 181.0 15.0 839.0 884.0 28.0 15.52 
213.5 0.0 174.2 159.2 11.7 1043.6 771.9 100.0 52.96 
277.0 116.8 91.0 190.6 7.0 946.5 665.6 28.0 43.58 
480.0 0.0 0.0 192.0 0.0 936.0 721.0 3.0 24.39 
222.4 0.0 96.7 189.3 4.5 967.1 870.3 100.0 40.71 
172.4 13.6 172.4 156.8 4.1 1006.3 856.4 28.0 33.69 
387.0 20.0 94.0 157.0 11.6 938.0 845.0 56.0 61.46 
425.0 106.3 0.0 151.4 18.6 936.0 803.7 56.0 64.9 
374.0 189.2 0.0 170.1 10.1 926.1 756.7 91.0 64.9 
424.0 22.0 132.0 168.0 8.9 822.0 750.0 56.0 74.36 
375.0 93.8 0.0 126.6 23.4 852.1 992.6 7.0 45.7 
297.8 137.2 106.9 201.3 6.0 878.4 655.3 28.0 53.52 
143.0 169.0 143.0 191.0 8.0 967.0 643.0 28.0 29.72 
249.1 0.0 98.8 158.1 12.8 987.8 889.0 3.0 15.36 
336.5 0.0 0.0 181.9 3.4 985.8 816.8 28.0 44.87 
236.0 157.0 0.0 192.0 0.0 972.6 749.1 90.0 47.78 
295.0 0.0 0.0 185.0 0.0 1069.0 769.0 7.0 14.8 
469.0 117.2 0.0 137.8 32.2 852.1 840.5 91.0 70.7 
296.0 0.0 0.0 186.0 0.0 1090.0 769.0 7.0 18.91 
491.0 26.0 123.0 201.0 3.9 822.0 699.0 7.0 37.92 
212.5 0.0 100.4 159.3 8.7 1007.8 903.6 56.0 42.55 
190.7 0.0 125.4 162.1 7.8 1090.0 804.0 3.0 15.04 
380.0 95.0 0.0 228.0 0.0 932.0 594.0 180.0 40.76 
220.8 147.2 0.0 185.7 0.0 1055.0 744.3 28.0 25.75 
376.0 0.0 0.0 214.6 0.0 1003.5 762.4 56.0 36.3 
349.0 0.0 0.0 192.0 0.0 1056.0 809.0 120.0 40.86 
168.0 42.1 163.8 121.8 5.7 1058.7 780.1 56.0 32.85 
350.0 0.0 0.0 203.0 0.0 974.0 775.0 28.0 27.34 
332.5 142.5 0.0 228.0 0.0 932.0 594.0 90.0 37.72 
382.5 0.0 0.0 185.7 0.0 1047.8 739.3 28.0 37.44 
252.5 0.0 0.0 185.7 0.0 1111.6 784.3 7.0 11.48 
238.0 0.0 0.0 185.0 0.0 1118.0 789.0 28.0 17.54 
531.3 0.0 0.0 141.8 28.2 852.1 893.7 7.0 46.9 
350.0 0.0 0.0 186.0 0.0 1050.0 770.0 7.0 20.28 
246.8 0.0 125.1 143.3 12.0 1086.8 800.9 56.0 60.32 
203.5 305.3 0.0 203.5 0.0 963.4 630.0 7.0 19.54 
154.8 183.4 0.0 193.3 9.1 1047.4 696.7 28.0 18.29 
149.0 153.0 194.0 192.0 8.0 935.0 623.0 28.0 24.58 
202.0 11.0 141.0 206.0 1.7 942.0 801.0 28.0 21.97 
212.6 0.0 100.4 159.4 10.4 1003.8 903.8 56.0 44.4 
166.8 250.2 0.0 203.5 0.0 975.6 692.6 28.0 33.95 
252.5 0.0 0.0 185.7 0.0 1111.6 784.3 28.0 19.77 
339.0 0.0 0.0 197.0 0.0 968.0 781.0 14.0 27.04 
251.4 0.0 118.3 188.5 6.4 1028.4 757.7 3.0 13.12 
231.8 0.0 121.6 174.0 6.7 1056.4 778.5 14.0 26.77 
332.5 142.5 0.0 228.0 0.0 932.0 594.0 270.0 40.27 
376.0 0.0 0.0 214.6 0.0 1003.5 762.4 3.0 16.28 
145.0 0.0 134.0 181.0 11.0 979.0 812.0 28.0 13.2 
446.0 24.0 79.0 162.0 11.6 967.0 712.0 56.0 56.14 
149.0 118.0 92.0 183.0 7.0 953.0 780.0 28.0 23.52 
139.9 132.6 103.3 200.3 7.4 916.0 753.4 28.0 36.44 
251.8 0.0 99.9 146.1 12.4 1006.0 899.8 3.0 21.02 
250.0 0.0 0.0 182.0 0.0 1100.0 820.0 7.0 12.73 
162.0 207.0 172.0 216.0 10.0 822.0 638.0 28.0 39.84 
194.7 0.0 100.5 170.2 7.5 998.0 901.8 56.0 43.39 
287.3 120.5 93.9 187.6 9.2 904.4 695.9 28.0 43.8 
425.0 106.3 0.0 151.4 18.6 936.0 803.7 28.0 61.8 
141.3 212.0 0.0 203.5 0.0 971.8 748.5 7.0 10.39 
528.0 0.0 0.0 185.0 6.9 920.0 720.0 28.0 56.83 
233.8 0.0 94.6 197.9 4.6 947.0 852.2 3.0 10.38 
425.0 106.3 0.0 153.5 16.5 852.1 887.1 91.0 65.2 
182.0 45.2 122.0 170.2 8.2 1059.4 780.7 14.0 21.5 
165.0 0.0 143.6 163.8 0.0 1005.6 900.9 100.0 37.96 
218.2 54.6 123.8 140.8 11.9 1075.7 792.7 14.0 35.96 
277.0 0.0 0.0 191.0 0.0 968.0 856.0 360.0 33.7 
387.0 20.0 94.0 157.0 13.9 938.0 845.0 3.0 25.51 
480.0 0.0 0.0 192.0 0.0 936.0 721.0 90.0 54.28 
359.0 19.0 141.0 154.0 10.9 942.0 801.0 56.0 68.75 
342.0 38.0 0.0 228.0 0.0 932.0 670.0 180.0 52.12 
213.7 0.0 174.7 154.8 10.2 1053.5 776.4 100.0 50.08 
313.3 262.2 0.0 175.5 8.6 1046.9 611.8 91.0 66.6 
166.8 250.2 0.0 203.5 0.0 975.6 692.6 7.0 15.75 
331.0 0.0 0.0 192.0 0.0 1025.0 821.0 28.0 31.74 
288.0 192.0 0.0 192.0 0.0 932.0 717.8 7.0 23.52 
500.0 0.0 0.0 200.0 0.0 1125.0 613.0 7.0 33.21 
255.0 99.0 77.0 189.0 6.0 919.0 749.0 28.0 33.8 
230.0 0.0 118.3 195.5 4.6 1029.4 758.6 3.0 10.03 
182.0 45.2 122.0 170.2 8.2 1059.4 780.7 28.0 31.27 
164.0 163.0 128.0 197.0 8.0 961.0 641.0 28.0 27.23 
250.0 0.0 95.7 191.8 5.3 948.9 857.2 56.0 39.64 
213.5 0.0 174.2 154.6 11.7 1052.3 775.5 14.0 33.7 
157.0 236.0 0.0 192.0 0.0 935.4 781.2 7.0 16.89 
164.6 0.0 150.4 181.6 11.7 1023.3 728.9 28.0 18.03 
150.9 0.0 183.9 166.6 11.6 991.2 772.2 28.0 15.57 
150.0 236.8 0.0 173.8 11.9 1069.3 674.8 28.0 37.43 
194.7 0.0 100.5 165.6 7.5 1006.4 905.9 14.0 24.99 
