252.5 0.0 0.0 185.7 0.0 1111.6 784.3 7.0 11.48 
331.0 0.0 0.0 192.0 0.0 1025.0 821.0 90.0 37.91 
246.8 0.0 125.1 143.3 12.0 1086.8 800.9 28.0 52.5 
540.0 0.0 0.0 162.0 2.5 1055.0 676.0 28.0 61.89 
288.0 192.0 0.0 192.0 0.0 932.0 717.8 3.0 16.11 
480.0 0.0 0.0 192.0 0.0 936.2 712.2 7.0 34.57 
213.7 98.1 24.5 181.7 6.9 1065.8 785.4 14.0 30.39 
362.6 189.0 0.0 164.9 11.6 944.7 755.8 28.0 71.3 
276.4 116.0 90.3 179.6 8.9 870.1 768.3 28.0 44.28 
213.5 0.0 174.2 159.2 11.7 1043.6 771.9 28.0 44.64 
331.0 0.0 0.0 192.0 0.0 1025.0 821.0 28.0 31.74 
213.5 0.0 174.2 154.6 11.7 1052.3 775.5 14.0 33.7 
380.0 95.0 0.0 228.0 0.0 932.0 594.0 180.0 40.76 
156.0 243.0 0.0 180.0 11.0 1022.0 698.0 28.0 37.36 
298.1 0.0 107.0 186.4 6.1 879.0 815.2 28.0 42.64 
155.0 0.0 143.0 193.0 9.0 1047.0 697.0 28.0 12.46 
246.8 0.0 125.1 143.3 12.0 1086.8 800.9 14.0 42.22 
250.0 0.0 95.7 191.8 5.3 948.9 857.2 56.0 39.64 
304.0 140.0 0.0 214.0 6.0 895.0 722.0 28.0 33.42 
375.0 0.0 0.0 186.0 0.0 1038.0 758.0 7.0 26.06 
275.1 0.0 121.4 159.5 9.9 1053.6 777.5 14.0 38.77 
397.0 0.0 0.0 185.0 0.0 1040.0 734.0 28.0 39.09 
159.0 149.0 116.0 175.0 15.0 953.0 720.0 28.0 27.68 
359.0 19.0 141.0 154.0 10.9 942.0 801.0 7.0 35.75 
230.0 0.0 118.3 195.5 4.6 1029.4 758.6 56.0 31.54 
149.0 117.6 91.7 182.9 7.1 953.4 780.3 28.0 23.52 
230.0 0.0 118.3 195.5 4.6 1029.4 758.6 100.0 35.34 
146.0 230.0 0.0 202.0 3.0 827.0 872.0 28.0 33.06 
295.8 0.0 0.0 185.7 0.0 1091.4 769.3 28.0 25.22 
331.0 0.0 0.0 192.0 0.0 1025.0 821.0 3.0 14.31 
165.0 128.5 132.1 175.1 8.1 1005.8 746.6 28.0 46.39 
145.0 116.0 119.0 184.0 5.7 833.0 880.0 28.0 29.16 
252.3 0.0 98.8 146.3 14.2 987.8 889.0 14.0 42.29 
236.0 0.0 0.0 194.0 0.0 968.0 885.0 90.0 21.95 
446.0 24.0 79.0 162.0 11.6 967.0 712.0 3.0 25.02 
450.1 50.0 0.0 200.0 3.0 1124.4 613.2 28.0 39.38 
143.6 0.0 174.9 158.4 17.9 942.7 844.5 28.0 15.42 
375.0 93.8 0.0 126.6 23.4 852.1 992.6 28.0 56.7 
424.0 22.0 132.0 178.0 8.5 822.0 750.0 7.0 39.0 
425.0 106.3 0.0 153.5 16.5 852.1 887.1 3.0 33.4 
214.9 53.8 121.9 155.6 9.6 1014.3 780.6 56.0 53.96 
280.0 129.0 100.0 172.0 9.0 825.0 805.0 28.0 52.82 
166.0 260.0 0.0 183.0 13.0 859.0 827.0 28.0 37.91 
139.6 209.4 0.0 192.0 0.0 1047.0 806.9 3.0 8.06 
135.0 105.0 193.0 196.0 6.0 965.0 643.0 28.0 21.91 
213.7 0.0 174.7 154.8 10.2 1053.5 776.4 100.0 50.08 
317.9 0.0 126.5 209.7 5.7 860.5 736.6 28.0 40.06 
168.9 42.2 124.3 158.3 10.8 1080.8 796.2 56.0 39.15 
297.8 137.2 106.9 201.3 6.0 878.4 655.3 28.0 53.52 
212.6 0.0 100.4 159.4 10.4 1003.8 903.8 28.0 37.4 
349.0 0.0 0.0 192.0 0.0 1047.0 806.0 180.0 41.05 
314.0 145.0 113.0 179.0 8.0 869.0 690.0 28.0 46.23 
290.2 193.5 0.0 185.7 0.0 998.2 704.3 28.0 33.04 
139.7 163.9 127.7 236.7 5.8 868.6 655.6 28.0 35.23 
277.2 97.8 24.5 160.7 11.2 1061.7 782.5 28.0 63.14 
275.0 0.0 0.0 183.0 0.0 1088.0 808.0 7.0 14.2 
323.7 282.8 0.0 183.8 10.3 942.7 659.9 28.0 74.7 
158.8 238.2 0.0 185.7 0.0 1040.6 734.3 7.0 9.62 
250.0 0.0 95.7 187.4 5.5 956.9 861.2 28.0 29.22 
520.0 0.0 0.0 170.0 5.2 855.0 855.0 28.0 60.28 
251.4 0.0 118.3 192.9 5.8 1043.6 754.3 3.0 11.98 
148.1 0.0 136.6 158.1 16.1 1001.8 830.1 28.0 17.96 
387.0 20.0 94.0 157.0 11.6 938.0 845.0 3.0 34.77 
318.8 212.5 0.0 155.7 14.3 852.1 880.4 3.0 25.2 
212.1 0.0 121.6 180.3 5.7 1057.6 779.3 100.0 39.61 
528.0 0.0 0.0 185.0 6.9 920.0 720.0 28.0 56.83 
500.0 0.0 0.0 200.0 0.0 1125.0 613.0 3.0 26.06 
254.0 0.0 0.0 198.0 0.0 968.0 863.0 365.0 29.79 
350.0 0.0 0.0 203.0 0.0 974.0 775.0 28.0 27.34 
337.9 189.0 0.0 174.9 9.5 944.7 755.8 7.0 35.1 
213.5 0.0 174.2 154.6 11.7 1052.3 775.5 3.0 17.37 
167.4 129.9 128.6 175.5 7.8 1006.3 746.6 28.0 41.2 
252.0 0.0 0.0 186.0 0.0 1111.0 784.0 7.0 11.47 
333.0 0.0 0.0 192.0 0.0 931.2 842.6 3.0 15.62 
228.0 342.1 0.0 185.7 0.0 955.8 674.3 28.0 39.7 
302.0 0.0 0.0 203.0 0.0 974.0 817.0 28.0 21.75 
295.7 0.0 95.6 171.5 8.9 955.1 859.2 56.0 48.72 
318.8 212.5 0.0 155.7 14.3 852.1 880.4 7.0 33.4 
203.5 305.3 0.0 203.5 0.0 963.4 630.0 90.0 51.86 
387.0 20.0 94.0 157.0 14.3 938.0 845.0 28.0 50.24 
151.8 178.1 138.7 167.5 18.3 944.0 694.6 28.0 36.35 
212.6 0.0 100.4 159.4 10.4 1003.8 903.8 3.0 13.33 
362.6 189.0 0.0 164.9 11.6 944.7 755.8 91.0 79.3 
331.0 0.0 0.0 192.0 0.0 978.0 825.0 3.0 13.52 
290.4 0.0 96.2 168.1 9.4 961.2 865.0 28.0 34.74 
173.0 116.0 0.0 192.0 0.0 946.8 856.8 3.0 6.94 
284.0 15.0 141.0 179.0 5.5 842.0 801.0 56.0 44.52 
230.0 0.0 118.3 195.5 4.6 1029.4 758.6 28.0 24.48 
222.4 0.0 96.7 189.3 4.5 967.1 870.3 56.0 29.45 
255.3 98.8 77.0 188.6 6.5 919.0 749.3 28.0 33.8 
382.0 0.0 0.0 186.0 0.0 1047.0 739.0 7.0 24.0 
193.5 290.2 0.0 185.7 0.0 998.2 704.3 28.0 32.63 
252.1 97.1 75.6 193.8 8.3 835.5 821.4 28.0 33.4 
284.0 119.7 0.0 168.3 7.2 970.4 794.2 28.0 40.93 
374.0 189.2 0.0 170.1 10.1 926.1 756.7 91.0 64.9 
167.0 75.4 167.0 164.0 7.9 1007.3 770.1 28.0 41.41 
279.8 128.9 100.4 172.4 9.5 825.1 804.9 28.0 52.83 
339.0 0.0 0.0 197.0 0.0 968.0 781.0 14.0 27.04 
540.0 0.0 0.0 162.0 2.5 1040.0 676.0 28.0 79.99 
159.0 209.0 161.0 201.0 7.0 848.0 669.0 28.0 30.88 
218.2 54.6 123.8 140.8 11.9 1075.7 792.7 3.0 27.42 
380.0 95.0 0.0 228.0 0.0 932.0 594.0 7.0 32.82 
231.8 0.0 121.6 174.0 6.7 1056.4 778.5 28.0 33.73 
184.0 86.0 190.0 213.0 6.0 923.0 623.0 28.0 22.93 
275.1 0.0 121.4 159.5 9.9 1053.6 777.5 28.0 51.33 
325.0 0.0 0.0 184.0 0.0 1063.0 783.0 28.0 30.57 
298.0 137.0 107.0 201.0 6.0 878.0 655.0 28.0 53.52 
389.9 189.0 0.0 145.9 22.0 944.7 755.8 91.0 82.6 
218.9 0.0 124.1 158.5 11.3 1078.7 794.9 56.0 37.27 
236.0 157.0 0.0 192.0 0.0 972.6 749.1 7.0 20.42 
218.9 0.0 124.1 158.5 11.3 1078.7 794.9 100.0 46.23 
237.5 237.5 0.0 228.0 0.0 932.0 594.0 28.0 30.08 
333.0 0.0 0.0 192.0 0.0 931.2 842.6 28.0 31.97 
362.6 189.0 0.0 164.9 11.6 944.7 755.8 56.0 77.3 
446.0 24.0 79.0 162.0 11.6 967.0 712.0 28.0 51.02 
153.0 102.0 0.0 192.0 0.0 888.0 943.1 7.0 8.37 
500.0 0.0 0.0 140.0 4.0 966.0 853.0 28.0 67.57 
485.0 0.0 0.0 146.0 0.0 1120.0 800.0 28.0 71.99 
276.0 116.0 90.0 180.0 9.0 870.0 768.0 28.0 44.28 
122.6 183.9 0.0 203.5 0.0 958.2 800.1 3.0 3.32 
122.6 183.9 0.0 203.5 0.0 958.2 800.1 7.0 10.35 
297.2 0.0 117.5 174.8 9.5 1022.8 753.5 56.0 51.96 
203.5 305.3 0.0 203.5 0.0 963.4 630.0 7.0 19.54 
321.0 164.0 0.0 190.0 5.0 870.0 774.0 28.0 57.21 
469.0 117.2 0.0 137.8 32.2 852.1 840.5 28.0 66.9 
218.2 54.6 123.8 140.8 11.9 1075.7 792.7 100.0 63.53 
531.3 0.0 0.0 141.8 28.2 852.1 893.7 28.0 56.4 
237.5 237.5 0.0 228.0 0.0 932.0 594.0 90.0 33.12 
277.1 0.0 97.4 160.6 11.8 973.9 875.6 3.0 23.14 
331.0 0.0 0.0 192.0 0.0 879.0 825.0 3.0 13.52 
238.1 0.0 94.1 186.7 7.0 949.9 847.0 100.0 44.3 
145.0 0.0 179.0 202.0 8.0 824.0 869.0 28.0 10.54 
382.0 0.0 0.0 186.0 0.0 1111.0 784.0 7.0 11.47 
446.0 24.0 79.0 162.0 11.6 967.0 712.0 3.0 35.36 
300.0 0.0 0.0 184.0 0.0 1075.0 795.0 7.0 15.58 
277.0 0.0 0.0 191.0 0.0 968.0 856.0 90.0 31.25 
436.0 0.0 0.0 218.0 0.0 838.4 719.7 28.0 23.85 
159.0 187.0 0.0 176.0 11.0 990.0 789.0 28.0 32.76 
427.5 47.5 0.0 228.0 0.0 932.0 594.0 7.0 35.08 
272.8 181.9 0.0 185.7 0.0 1012.4 714.3 7.0 19.77 
194.7 0.0 100.5 165.6 7.5 1006.4 905.9 28.0 25.72 
142.0 167.0 130.0 174.0 11.0 883.0 785.0 28.0 44.61 
212.6 0.0 100.4 159.4 10.4 1003.8 903.8 100.0 47.74 
168.9 42.2 124.3 158.3 10.8 1080.8 796.2 14.0 23.51 
181.9 272.8 0.0 185.7 0.0 1012.4 714.3 28.0 27.94 
287.0 121.0 94.0 188.0 9.0 904.0 696.0 28.0 41.94 
500.0 0.0 0.0 200.0 0.0 1125.0 613.0 180.0 51.04 
296.0 0.0 0.0 192.0 0.0 1085.0 765.0 28.0 21.65 
262.0 111.0 86.0 195.0 5.0 895.0 733.0 28.0 33.72 
313.3 145.0 0.0 178.5 8.0 867.2 824.0 28.0 40.93 
342.0 38.0 0.0 228.0 0.0 932.0 670.0 180.0 52.12 
229.7 0.0 118.2 195.2 6.1 1028.1 757.6 28.0 24.54 
277.1 0.0 97.4 160.6 11.8 973.9 875.6 100.0 55.64 
194.7 0.0 100.5 170.2 7.5 998.0 901.8 28.0 37.27 
218.9 0.0 124.1 158.5 11.3 1078.7 794.9 14.0 26.05 
331.0 0.0 0.0 192.0 0.0 1025.0 821.0 120.0 39.38 
255.5 170.3 0.0 185.7 0.0 1026.6 724.3 28.0 32.05 
275.1 0.0 121.4 159.5 9.9 1053.6 777.5 100.0 58.61 
151.0 0.0 185.0 167.0 16.0 1074.0 678.0 28.0 13.46 
225.0 0.0 0.0 181.0 0.0 1113.0 833.0 7.0 11.17 
249.1 0.0 98.8 158.1 12.8 987.8 889.0 56.0 42.03 
475.0 0.0 0.0 228.0 0.0 932.0 594.0 7.0 38.6 
166.1 0.0 163.3 176.5 4.5 1058.6 780.1 3.0 10.76 
157.0 236.0 0.0 192.0 0.0 935.4 781.2 90.0 43.38 
255.5 170.3 0.0 185.7 0.0 1026.6 724.3 7.0 17.24 
446.0 24.0 79.0 162.0 11.6 967.0 712.0 7.0 38.02 
425.0 106.3 0.0 151.4 18.6 936.0 803.7 28.0 61.8 
540.0 0.0 0.0 173.0 0.0 1125.0 613.0 90.0 69.66 
362.6 189.0 0.0 164.9 11.6 944.7 755.8 28.0 71.3 
165.0 128.5 132.1 175.1 8.1 1005.8 746.6 3.0 19.42 
212.6 0.0 100.4 159.4 10.4 1003.8 903.8 56.0 44.4 
277.0 116.8 91.0 190.6 7.0 946.5 665.6 28.0 43.58 
277.2 97.8 24.5 160.7 11.2 1061.7 782.5 3.0 30.45 
178.0 129.8 118.6 179.9 3.6 1007.3 746.8 28.0 39.16 
379.5 151.2 0.0 153.9 15.9 1134.3 605.0 7.0 47.1 
332.5 142.5 0.0 228.0 0.0 932.0 594.0 270.0 40.27 
362.6 189.0 0.0 164.9 11.6 944.7 755.8 7.0 55.9 
307.0 0.0 0.0 193.0 0.0 968.0 812.0 365.0 36.15 
304.8 0.0 99.6 196.0 9.8 959.4 705.2 28.0 30.12 
213.5 0.0 174.2 154.6 11.7 1052.3 775.5 28.0 45.94 
238.0 0.0 0.0 186.0 0.0 1119.0 789.0 7.0 12.05 
251.4 0.0 118.3 188.5 6.4 1028.4 757.7 28.0 32.66 
305.3 203.5 0.0 203.5 0.0 965.4 631.0 7.0 25.89 
285.0 190.0 0.0 163.0 7.6 1031.0 685.0 28.0 53.58 
167.4 129.9 128.6 175.5 7.8 1006.3 746.6 14.0 31.81 
305.3 203.5 0.0 203.5 0.0 965.4 631.0 3.0 14.14 
287.3 120.5 93.9 187.6 9.2 904.4 695.9 28.0 43.8 
186.2 124.1 0.0 185.7 0.0 1083.4 764.3 7.0 8.0 
230.0 0.0 118.3 195.5 4.6 1029.4 758.6 3.0 10.03 
231.8 0.0 121.6 174.0 6.7 1056.4 778.5 14.0 26.77 
469.0 117.2 0.0 137.8 32.2 852.1 840.5 91.0 70.7 
157.0 214.0 152.0 200.0 9.0 819.0 704.0 28.0 33.05 
304.0 76.0 0.0 228.0 0.0 932.0 670.0 180.0 50.95 
379.5 151.2 0.0 153.9 15.9 1134.3 605.0 28.0 52.2 
480.0 0.0 0.0 192.0 0.0 936.0 721.0 28.0 43.89 
350.0 0.0 0.0 203.0 0.0 974.0 775.0 14.0 22.53 
148.1 0.0 182.1 181.4 15.0 838.9 884.3 28.0 15.53 
212.5 0.0 100.4 159.3 8.7 1007.8 903.6 3.0 13.54 
289.0 133.7 0.0 194.9 5.5 924.1 760.1 28.0 46.25 
336.5 0.0 0.0 181.9 3.4 985.8 816.8 28.0 44.87 
277.1 0.0 97.4 160.6 11.8 973.9 875.6 28.0 48.28 
350.0 0.0 0.0 203.0 0.0 974.0 775.0 90.0 31.35 
295.0 0.0 0.0 185.0 0.0 1069.0 769.0 7.0 14.8 
218.9 0.0 124.1 158.5 11.3 1078.7 794.9 3.0 15.34 
239.6 359.4 0.0 185.7 0.0 941.6 664.3 7.0 25.42 
393.0 0.0 0.0 192.0 0.0 940.0 758.0 90.0 48.79 
116.0 173.0 0.0 192.0 0.0 909.8 891.9 90.0 31.02 
250.2 166.8 0.0 203.5 0.0 977.6 694.1 3.0 9.73 
252.3 0.0 98.8 146.3 14.2 987.8 889.0 28.0 50.6 
251.4 0.0 118.3 188.5 6.4 1028.4 757.7 100.0 44.21 
295.8 0.0 0.0 185.7 0.0 1091.4 769.3 7.0 14.84 
173.5 50.1 173.5 164.8 6.5 1006.2 793.5 28.0 38.2 
236.0 0.0 0.0 194.0 0.0 968.0 885.0 28.0 18.42 
190.7 0.0 125.4 162.1 7.8 1090.0 804.0 100.0 40.57 
275.1 0.0 121.4 159.5 9.9 1053.6 777.5 3.0 23.8 
332.5 142.5 0.0 228.0 0.0 932.0 594.0 7.0 30.28 
239.6 359.4 0.0 185.7 0.0 941.6 664.3 28.0 39.44 
153.1 145.0 113.0 178.5 8.0 1001.9 688.7 28.0 25.56 
220.8 147.2 0.0 185.7 0.0 1055.0 744.3 7.0 13.09 
425.0 106.3 0.0 153.5 16.5 852.1 887.1 7.0 49.2 
318.8 212.5 0.0 155.7 14.3 852.1 880.4 28.0 55.5 
339.0 0.0 0.0 185.0 0.0 1069.0 754.0 28.0 31.84 
266.2 112.3 87.5 177.9 10.4 909.7 744.5 28.0 39.42 
212.6 0.0 100.4 159.4 10.4 1003.8 903.8 14.0 25.37 
238.1 0.0 94.1 186.7 7.0 949.9 847.0 28.0 30.23 
155.0 183.0 0.0 193.0 9.0 877.0 868.0 28.0 23.79 
322.0 149.0 0.0 186.0 8.0 951.0 709.0 28.0 52.42 
397.0 0.0 0.0 185.7 0.0 1040.6 734.3 28.0 33.08 
349.0 0.0 0.0 192.0 0.0 1047.0 806.0 28.0 32.72 
273.0 0.0 90.0 199.0 11.0 931.0 762.0 28.0 32.24 
236.0 157.0 0.0 192.0 0.0 972.6 749.1 3.0 13.57 
213.5 0.0 174.2 159.2 11.7 1043.6 771.9 3.0 15.61 
233.8 0.0 94.6 197.9 4.6 947.0 852.2 56.0 27.66 
165.0 128.5 132.1 175.1 8.1 1005.8 746.6 56.0 53.72 
385.0 0.0 0.0 186.0 0.0 966.0 763.0 7.0 23.22 
401.8 94.7 0.0 147.4 11.4 946.8 852.1 91.0 75.5 
522.0 0.0 0.0 146.0 0.0 896.0 896.0 28.0 74.99 
362.6 189.0 0.0 164.9 11.6 944.7 755.8 91.0 79.3 
116.0 173.0 0.0 192.0 0.0 909.8 891.9 7.0 10.09 
173.8 93.4 159.9 172.3 9.7 1007.2 746.6 14.0 29.55 
321.3 164.2 0.0 190.5 4.6 870.0 774.0 28.0 57.22 
540.0 0.0 0.0 173.0 0.0 1125.0 613.0 28.0 67.31 
151.0 0.0 184.0 167.0 12.0 991.0 772.0 28.0 15.57 
325.0 0.0 0.0 184.0 0.0 1063.0 783.0 7.0 17.54 
310.0 142.8 0.0 167.9 10.0 914.3 804.0 28.0 45.3 
228.0 342.1 0.0 185.7 0.0 955.8 674.3 7.0 21.92 
200.0 133.0 0.0 192.0 0.0 965.4 806.2 28.0 30.44 
213.7 98.1 24.5 181.7 6.9 1065.8 785.4 28.0 45.71 
200.0 133.0 0.0 192.0 0.0 965.4 806.2 3.0 11.41 
183.9 122.6 0.0 203.5 0.0 959.2 800.0 90.0 32.53 
314.0 145.3 113.2 178.9 8.0 869.1 690.2 28.0 46.23 
153.0 145.0 113.0 178.0 8.0 1002.0 689.0 28.0 25.56 
339.0 0.0 0.0 197.0 0.0 968.0 781.0 365.0 38.89 
336.0 0.0 0.0 182.0 3.0 986.0 817.0 28.0 44.86 
525.0 0.0 0.0 189.0 0.0 1125.0 613.0 3.0 33.8 
139.6 209.4 0.0 192.0 0.0 1047.0 806.9 7.0 14.59 
275.0 0.0 0.0 183.0 0.0 1088.0 808.0 28.0 24.5 
331.0 0.0 0.0 192.0 0.0 1025.0 821.0 7.0 17.44 
376.0 0.0 0.0 214.6 0.0 1003.5 762.4 14.0 25.62 
379.5 151.2 0.0 153.9 15.9 1134.3 605.0 91.0 56.5 
168.0 42.1 163.8 121.8 5.7 1058.7 780.1 56.0 32.85 
290.4 0.0 96.2 168.1 9.4 961.2 865.0 100.0 48.97 
251.4 0.0 118.3 192.9 5.8 1043.6 754.3 100.0 40.15 
266.0 114.0 0.0 228.0 0.0 932.0 670.0 365.0 52.91 
164.0 163.0 128.0 197.0 8.0 961.0 641.0 28.0 27.23 
366.0 187.0 0.0 191.0 7.0 824.0 757.0 28.0 65.91 
331.0 0.0 0.0 192.0 0.0 978.0 825.0 7.0 16.26 
284.0 15.0 141.0 179.0 5.5 842.0 801.0 28.0 43.73 
236.0 0.0 0.0 193.0 0.0 968.0 885.0 7.0 9.99 
154.0 174.0 185.0 228.0 7.0 845.0 612.0 28.0 24.34 
212.5 0.0 100.4 159.3 8.7 1007.8 903.6 14.0 26.31 
198.6 132.4 0.0 192.0 0.0 978.4 825.5 3.0 9.13 
475.0 0.0 0.0 228.0 0.0 932.0 594.0 270.0 42.13 
277.2 97.8 24.5 160.7 11.2 1061.7 782.5 56.0 66.82 
366.0 187.0 0.0 191.3 6.6 824.3 756.9 28.0 65.91 
525.0 0.0 0.0 189.0 0.0 1125.0 613.0 270.0 67.11 
304.0 76.0 0.0 228.0 0.0 932.0 670.0 28.0 47.81 
322.5 148.6 0.0 185.8 8.5 951.0 709.5 28.0 52.43 
251.4 0.0 118.3 188.5 5.8 1028.4 757.7 56.0 36.97 
251.4 0.0 118.3 188.5 5.8 1028.4 757.7 14.0 29.93 
145.4 0.0 178.9 201.7 7.8 824.0 868.7 28.0 10.54 
192.0 288.0 0.0 192.0 0.0 929.8 716.1 28.0 39.32 
288.0 192.0 0.0 192.0 0.0 932.0 717.8 90.0 50.53 
349.0 0.0 0.0 192.0 0.0 1047.0 806.0 3.0 14.99 
238.1 0.0 94.1 186.7 7.0 949.9 847.0 3.0 19.93 
296.0 0.0 0.0 186.0 0.0 1090.0 769.0 7.0 18.91 
198.6 132.4 0.0 192.0 0.0 978.4 825.5 7.0 14.64 
359.0 19.0 141.0 154.0 10.9 942.0 801.0 3.0 23.64 
349.0 0.0 0.0 192.0 0.0 1056.0 809.0 28.0 33.61 
310.0 0.0 0.0 192.0 0.0 970.0 850.0 7.0 14.99 
298.0 0.0 107.0 186.0 6.0 879.0 815.0 28.0 42.64 
310.0 0.0 0.0 192.0 0.0 971.0 850.6 3.0 9.87 
424.0 22.0 132.0 178.0 8.5 882.0 750.0 3.0 32.01 
540.0 0.0 0.0 173.0 0.0 1125.0 613.0 3.0 41.64 
266.0 112.0 87.0 178.0 10.0 910.0 745.0 28.0 39.42 
388.6 97.1 0.0 157.9 12.1 852.1 925.7 7.0 34.9 
136.4 161.6 125.8 171.6 10.4 922.6 764.4 28.0 29.07 
154.8 0.0 142.8 193.3 9.1 877.2 867.7 28.0 9.74 
339.0 0.0 0.0 197.0 0.0 968.0 781.0 7.0 20.97 
181.4 0.0 167.0 169.6 7.6 1055.6 777.8 28.0 27.77 
250.0 0.0 95.7 187.4 5.5 956.9 861.2 14.0 24.92 
251.4 0.0 118.3 192.9 5.8 1043.6 754.3 14.0 20.73 
469.0 117.2 0.0 137.8 32.2 852.1 840.5 56.0 69.3 
290.4 0.0 96.2 168.1 9.4 961.2 865.0 56.0 45.08 
323.7 282.8 0.0 183.8 10.3 942.7 659.9 56.0 80.2 
439.0 177.0 0.0 186.0 11.1 884.9 707.9 3.0 39.3 
141.3 212.0 0.0 203.5 0.0 971.8 748.5 7.0 10.39 
322.0 0.0 116.0 196.0 10.0 818.0 813.0 28.0 31.18 
520.0 0.0 0.0 175.0 5.2 870.0 805.0 28.0 51.02 
313.0 161.0 0.0 178.0 10.0 917.0 759.0 28.0 52.44 
170.3 155.5 0.0 185.7 0.0 1026.6 724.3 28.0 25.73 
186.2 124.1 0.0 185.7 0.0 1083.4 764.3 28.0 17.6 
132.0 206.5 160.9 178.9 5.5 866.9 735.6 28.0 33.31 
342.0 38.0 0.0 228.0 0.0 932.0 670.0 365.0 56.14 
233.8 0.0 94.6 197.9 4.6 947.0 852.2 28.0 22.84 
145.9 230.5 0.0 202.5 3.4 827.0 871.8 28.0 32.72 
307.0 0.0 0.0 193.0 0.0 968.0 812.0 180.0 34.49 
173.8 93.4 159.9 172.3 9.7 1007.2 746.6 100.0 50.94 
165.0 0.0 143.6 163.8 0.0 1005.6 900.9 28.0 26.2 
381.4 0.0 0.0 185.7 0.0 1104.6 784.3 28.0 22.49 
249.1 0.0 98.8 158.1 12.8 987.8 889.0 100.0 51.06 
233.8 0.0 94.6 197.9 4.6 947.0 852.2 14.0 22.14 
397.0 0.0 0.0 185.7 0.0 1040.6 734.3 7.0 25.45 
277.0 0.0 0.0 191.0 0.0 968.0 856.0 180.0 32.33 
249.1 0.0 98.8 158.1 12.8 987.8 889.0 28.0 30.85 
214.9 53.8 121.9 155.6 9.6 1014.3 780.6 100.0 56.63 
236.0 157.0 0.0 192.0 0.0 972.6 749.1 28.0 32.88 
190.7 0.0 125.4 162.1 7.8 1090.0 804.0 14.0 21.06 
491.0 26.0 123.0 201.0 3.9 822.0 699.0 7.0 37.92 
149.5 236.0 0.0 175.8 12.6 846.8 892.7 28.0 32.96 
250.0 0.0 95.7 187.4 5.5 956.9 861.2 56.0 38.33 
194.7 0.0 100.5 170.2 7.5 998.0 901.8 56.0 43.39 
425.0 106.3 0.0 153.5 16.5 852.1 887.1 3.0 33.4 
218.9 0.0 124.1 158.5 11.3 1078.7 794.9 28.0 30.22 
505.0 0.0 60.0 195.0 0.0 1030.0 630.0 28.0 64.02 
439.0 177.0 0.0 186.0 11.1 884.9 707.9 56.0 71.7 
298.1 0.0 107.5 163.6 12.8 953.2 784.0 28.0 35.87 
491.0 26.0 123.0 210.0 3.9 882.0 699.0 3.0 25.61 
251.4 0.0 118.3 188.5 5.8 1028.4 757.7 3.0 17.22 
250.0 0.0 0.0 182.0 0.0 1100.0 820.0 7.0 12.73 
451.0 0.0 0.0 165.0 11.3 1030.0 745.0 28.0 78.8 
229.7 0.0 118.2 195.2 6.1 1028.1 757.6 100.0 40.86 
350.0 0.0 0.0 203.0 0.0 974.0 775.0 56.0 29.98 
141.3 212.0 0.0 203.5 0.0 971.8 748.5 3.0 4.83 
374.0 189.2 0.0 170.1 10.1 926.1 756.7 7.0 46.2 
222.4 0.0 96.7 189.3 4.5 967.1 870.3 28.0 24.89 
405.0 0.0 0.0 175.0 0.0 1120.0 695.0 28.0 52.3 
322.0 0.0 0.0 203.0 0.0 974.0 800.0 28.0 25.18 
190.3 0.0 125.2 166.6 9.9 1079.0 798.9 100.0 33.56 
266.0 114.0 0.0 228.0 0.0 932.0 670.0 90.0 47.03 
362.6 189.0 0.0 164.9 11.6 944.7 755.8 56.0 77.3 
214.9 53.8 121.9 155.6 9.6 1014.3 780.6 28.0 52.2 
277.1 0.0 97.4 160.6 11.8 973.9 875.6 14.0 41.89 
160.0 250.0 0.0 168.0 12.0 1049.0 688.0 28.0 39.45 
145.0 0.0 134.0 181.0 11.0 979.0 812.0 28.0 13.2 
525.0 0.0 0.0 189.0 0.0 1125.0 613.0 14.0 48.4 
251.4 0.0 118.3 188.5 6.4 1028.4 757.7 14.0 24.43 
192.0 288.0 0.0 192.0 0.0 929.8 716.1 90.0 50.73 
312.7 0.0 0.0 178.1 8.0 999.7 822.2 28.0 25.1 
190.3 0.0 125.2 166.6 9.9 1079.0 798.9 28.0 24.85 
323.7 282.8 0.0 183.8 10.3 942.7 659.9 7.0 49.8 
500.0 0.0 0.0 200.0 0.0 1125.0 613.0 28.0 44.09 
318.8 212.5 0.0 155.7 14.3 852.1 880.4 56.0 66.1 
333.0 0.0 0.0 192.0 0.0 931.2 842.6 90.0 41.68 
164.6 0.0 150.4 181.6 11.7 1023.3 728.9 28.0 18.03 
158.0 0.0 195.0 220.0 11.0 898.0 713.0 28.0 8.54 
425.0 106.3 0.0 153.5 16.5 852.1 887.1 91.0 65.2 
147.0 115.0 89.0 202.0 9.0 860.0 829.0 28.0 19.99 
202.0 11.0 141.0 206.0 1.7 942.0 801.0 7.0 15.07 
389.9 189.0 0.0 145.9 22.0 944.7 755.8 7.0 59.09 
379.5 151.2 0.0 153.9 15.9 1134.3 605.0 56.0 54.9 
400.0 0.0 0.0 187.0 0.0 1025.0 745.0 7.0 30.14 
236.0 157.0 0.0 192.0 0.0 972.6 749.1 90.0 47.78 
198.6 132.4 0.0 192.0 0.0 978.4 825.5 90.0 38.07 
190.3 0.0 125.2 166.6 9.9 1079.0 798.9 14.0 19.42 
302.0 0.0 0.0 203.0 0.0 974.0 817.0 180.0 26.74 
337.9 189.0 0.0 174.9 9.5 944.7 755.8 28.0 49.9 
168.0 42.1 163.8 121.8 5.7 1058.7 780.1 28.0 24.24 
148.5 139.4 108.6 192.7 6.1 892.4 780.0 28.0 23.7 
295.7 0.0 95.6 171.5 8.9 955.1 859.2 14.0 35.23 
153.1 145.0 113.0 178.5 8.0 867.2 824.0 28.0 26.23 
158.8 238.2 0.0 185.7 0.0 1040.6 734.3 28.0 21.07 
321.0 0.0 128.0 182.0 11.0 870.0 780.0 28.0 37.26 
491.0 26.0 123.0 210.0 3.9 882.0 699.0 56.0 59.59 
182.0 45.2 122.0 170.2 8.2 1059.4 780.7 14.0 21.5 
393.0 0.0 0.0 192.0 0.0 940.0 758.0 28.0 39.58 
212.5 0.0 100.4 159.3 8.7 1007.8 903.6 28.0 31.64 
213.5 0.0 174.2 154.6 11.7 1052.3 775.5 100.0 59.3 
349.0 0.0 0.0 192.0 0.0 1056.0 809.0 120.0 40.86 
322.0 0.0 0.0 203.0 0.0 974.0 800.0 180.0 29.59 
475.0 118.8 0.0 181.1 8.9 852.1 781.5 91.0 74.19 
359.0 19.0 141.0 154.0 10.9 942.0 801.0 28.0 62.94 
380.0 0.0 0.0 228.0 0.0 932.0 670.0 270.0 53.3 
349.0 0.0 0.0 192.0 0.0 1056.0 809.0 3.0 15.87 
469.0 117.2 0.0 137.8 32.2 852.1 840.5 3.0 40.2 
389.9 189.0 0.0 145.9 22.0 944.7 755.8 3.0 40.6 
157.0 236.0 0.0 192.0 0.0 935.4 781.2 3.0 9.69 
355.0 19.0 97.0 145.0 12.3 967.0 871.0 28.0 55.45 
349.0 0.0 0.0 192.0 0.0 1047.0 806.0 7.0 18.13 
212.0 0.0 124.8 159.0 7.8 1085.4 799.5 3.0 19.52 
397.0 0.0 0.0 186.0 0.0 1040.0 734.0 28.0 36.94 
190.3 0.0 125.2 161.9 9.9 1088.1 802.6 56.0 38.56 
252.3 0.0 98.8 146.3 14.2 987.8 889.0 100.0 60.95 
297.2 0.0 117.5 174.8 9.5 1022.8 753.5 100.0 56.74 
286.3 200.9 0.0 144.7 11.2 1004.6 803.7 3.0 24.4 
446.0 24.0 79.0 162.0 11.6 967.0 712.0 56.0 61.07 
133.0 200.0 0.0 192.0 0.0 927.4 839.2 90.0 36.59 
374.3 0.0 0.0 190.2 6.7 1013.2 730.4 28.0 39.06 
326.0 0.0 138.0 199.0 11.0 801.0 792.0 28.0 40.68 
259.9 100.6 78.4 170.6 10.4 935.7 762.9 28.0 49.77 
385.0 0.0 0.0 186.0 0.0 966.0 763.0 1.0 6.27 
238.2 158.8 0.0 185.7 0.0 1040.6 734.3 28.0 26.91 
250.0 0.0 95.7 191.8 5.3 948.9 857.2 3.0 8.49 
194.7 0.0 100.5 165.6 7.5 1006.4 905.9 100.0 37.34 
250.2 166.8 0.0 203.5 0.0 977.6 694.1 90.0 47.71 
183.9 122.6 0.0 203.5 0.0 959.2 800.0 7.0 10.79 
212.1 0.0 121.6 180.3 5.7 1057.6 779.3 56.0 34.2 
194.7 0.0 100.5 165.6 7.5 1006.4 905.9 14.0 24.99 
525.0 0.0 0.0 189.0 0.0 1125.0 613.0 90.0 58.78 
284.0 120.0 0.0 168.0 7.0 970.0 794.0 28.0 40.93 
350.0 0.0 0.0 186.0 0.0 1050.0 770.0 28.0 34.29 
252.0 0.0 0.0 185.0 0.0 1111.0 784.0 7.0 13.71 
166.8 250.2 0.0 203.5 0.0 975.6 692.6 28.0 33.95 
141.9 166.6 129.7 173.5 10.9 882.6 785.3 28.0 44.61 
194.7 0.0 100.5 170.2 7.5 998.0 901.8 100.0 44.28 
297.2 0.0 117.5 174.8 9.5 1022.8 753.5 3.0 21.91 
157.0 236.0 0.0 192.0 0.0 935.4 781.2 7.0 16.89 
382.0 0.0 0.0 186.0 0.0 1047.0 739.0 28.0 37.42 
387.0 20.0 94.0 157.0 14.3 938.0 845.0 56.0 56.34 
213.7 98.1 24.5 181.7 6.9 1065.8 785.4 100.0 53.9 
425.0 106.3 0.0 153.5 16.5 852.1 887.1 28.0 60.29 
162.0 190.0 148.0 179.0 19.0 838.0 741.0 28.0 33.76 
234.0 156.0 0.0 189.0 5.9 981.0 760.0 28.0 39.3 
210.7 316.1 0.0 185.7 0.0 977.0 689.3 28.0 37.81 
212.0 0.0 124.8 159.0 7.8 1085.4 799.5 14.0 31.35 
475.0 118.8 0.0 181.1 8.9 852.1 781.5 56.0 72.3 
425.0 106.3 0.0 153.5 16.5 852.1 887.1 28.0 60.29 
374.0 189.2 0.0 170.1 10.1 926.1 756.7 56.0 63.4 
375.0 93.8 0.0 126.6 23.4 852.1 992.6 3.0 29.0 
255.0 0.0 0.0 192.0 0.0 889.8 945.0 3.0 8.2 
139.6 209.4 0.0 192.0 0.0 1047.0 806.9 28.0 28.24 
173.8 93.4 159.9 172.3 9.7 1007.2 746.6 56.0 48.99 
355.0 19.0 97.0 145.0 13.1 967.0 871.0 28.0 44.03 
500.0 0.0 0.0 200.0 0.0 1125.0 613.0 90.0 47.22 
316.1 210.7 0.0 185.7 0.0 977.0 689.3 28.0 38.7 
424.0 22.0 132.0 168.0 8.9 822.0 750.0 28.0 72.1 
166.1 0.0 163.3 176.5 4.5 1058.6 780.1 56.0 28.63 
362.6 189.0 0.0 164.9 11.6 944.7 755.8 56.0 77.3 
136.0 196.0 98.0 199.0 6.0 847.0 783.0 28.0 26.97 
222.4 0.0 96.7 189.3 4.5 967.1 870.3 14.0 24.45 
212.0 141.3 0.0 203.5 0.0 973.4 750.0 3.0 6.81 
154.0 144.0 112.0 220.0 10.0 923.0 658.0 28.0 16.5 
167.0 75.4 167.0 164.0 7.9 1007.3 770.1 14.0 32.9 
200.0 0.0 0.0 180.0 0.0 1125.0 845.0 7.0 7.84 
296.0 0.0 107.0 221.0 11.0 819.0 778.0 28.0 31.42 
249.1 0.0 98.8 158.1 12.8 987.8 889.0 3.0 15.36 
382.0 0.0 0.0 185.0 0.0 1047.0 739.0 7.0 24.0 
342.0 38.0 0.0 228.0 0.0 932.0 670.0 270.0 55.06 
164.0 0.0 200.0 181.0 13.0 849.0 846.0 28.0 15.09 
475.0 0.0 0.0 162.0 9.5 1044.0 662.0 28.0 58.52 
313.0 145.0 0.0 127.0 8.0 1000.0 822.0 28.0 44.52 
190.3 0.0 125.2 161.9 9.9 1088.1 802.6 28.0 28.47 
167.0 187.0 195.0 185.0 7.0 898.0 636.0 28.0 23.89 
160.0 128.0 122.0 182.0 6.4 824.0 879.0 28.0 39.4 
190.7 0.0 125.4 162.1 7.8 1090.0 804.0 28.0 26.4 
190.3 0.0 125.2 161.9 9.9 1088.1 802.6 14.0 22.72 
500.0 0.0 0.0 200.0 0.0 1125.0 613.0 7.0 33.21 
289.0 0.0 0.0 192.0 0.0 913.2 895.3 28.0 25.57 
237.5 237.5 0.0 228.0 0.0 932.0 594.0 180.0 36.25 
202.0 11.0 141.0 206.0 1.7 942.0 801.0 28.0 21.97 
178.0 129.8 118.6 179.9 3.6 1007.3 746.8 3.0 20.73 
231.8 0.0 121.6 174.0 6.7 1056.4 778.5 100.0 45.84 
339.2 0.0 0.0 185.7 0.0 1069.2 754.3 28.0 31.9 
314.0 0.0 113.0 170.0 10.0 925.0 783.0 28.0 38.46 
213.8 98.1 24.5 181.7 6.7 1066.0 785.5 3.0 13.18 
332.5 142.5 0.0 228.0 0.0 932.0 594.0 28.0 33.02 
310.0 0.0 0.0 192.0 0.0 970.0 850.0 90.0 34.68 
375.0 93.8 0.0 126.6 23.4 852.1 992.6 91.0 62.5 
286.3 200.9 0.0 144.7 11.2 1004.6 803.7 28.0 67.7 
181.9 272.8 0.0 185.7 0.0 1012.4 714.3 7.0 12.37 
122.6 183.9 0.0 203.5 0.0 958.2 800.1 90.0 33.19 
246.8 0.0 125.1 143.3 12.0 1086.8 800.9 56.0 60.32 
349.0 0.0 0.0 192.0 0.0 1056.0 809.0 90.0 40.66 
149.0 139.0 109.0 193.0 6.0 892.0 780.0 28.0 23.69 
298.0 0.0 107.0 164.0 13.0 953.0 784.0 28.0 35.86 
425.0 106.3 0.0 153.5 16.5 852.1 887.1 56.0 64.3 
158.6 148.9 116.0 175.1 15.0 953.3 719.7 28.0 27.68 
144.0 0.0 175.0 158.0 18.0 943.0 844.0 28.0 15.42 
252.0 0.0 0.0 185.0 0.0 1111.0 784.0 28.0 19.69 
362.6 189.0 0.0 164.9 11.6 944.7 755.8 7.0 55.9 
132.0 207.0 161.0 179.0 5.0 867.0 736.0 28.0 33.3 
333.0 0.0 0.0 192.0 0.0 931.2 842.6 7.0 23.4 
143.8 136.3 106.2 178.1 7.5 941.5 774.3 28.0 26.15 
202.0 11.0 141.0 206.0 1.7 942.0 801.0 3.0 9.85 
173.8 93.4 159.9 172.3 9.7 1007.2 746.6 3.0 15.82 
182.0 45.2 122.0 170.2 8.2 1059.4 780.7 28.0 31.27 
393.0 0.0 0.0 192.0 0.0 940.6 785.6 7.0 27.74 
254.0 0.0 0.0 198.0 0.0 968.0 863.0 3.0 9.31 
281.0 0.0 0.0 185.0 0.0 1104.0 774.0 28.0 22.44 
160.2 188.0 146.4 203.2 11.3 828.7 709.7 28.0 35.31 
144.0 136.0 106.0 178.0 7.0 941.0 774.0 28.0 26.14 
251.8 0.0 99.9 146.1 12.4 1006.0 899.8 100.0 45.37 
148.0 0.0 182.0 181.0 15.0 839.0 884.0 28.0 15.52 
425.0 106.3 0.0 153.5 16.5 852.1 887.1 28.0 60.29 
212.0 141.3 0.0 203.5 0.0 973.4 750.0 28.0 33.0 
376.0 0.0 0.0 214.6 0.0 1003.5 762.4 56.0 36.3 
540.0 0.0 0.0 173.0 0.0 1125.0 613.0 7.0 52.61 
160.0 188.0 146.0 203.0 11.0 829.0 710.0 28.0 32.84 
237.5 237.5 0.0 228.0 0.0 932.0 594.0 270.0 38.41 
148.0 0.0 137.0 158.0 16.0 1002.0 830.0 28.0 17.95 
322.0 0.0 0.0 203.0 0.0 974.0 800.0 14.0 20.77 
475.0 0.0 0.0 228.0 0.0 932.0 594.0 90.0 42.23 
290.2 193.5 0.0 185.7 0.0 998.2 704.3 7.0 21.86 
516.0 0.0 0.0 162.0 8.2 801.0 802.0 28.0 41.37 
289.0 0.0 0.0 192.0 0.0 913.2 895.3 7.0 14.6 
289.0 0.0 0.0 192.0 0.0 913.2 895.3 3.0 11.65 
150.7 0.0 185.3 166.7 15.6 1074.5 678.0 28.0 13.46 
388.6 97.1 0.0 157.9 12.1 852.1 925.7 3.0 28.1 
229.7 0.0 118.2 195.2 6.1 1028.1 757.6 56.0 31.35 
307.0 0.0 0.0 193.0 0.0 968.0 812.0 90.0 32.92 
359.0 19.0 141.0 154.0 10.9 942.0 801.0 56.0 68.75 
313.3 262.2 0.0 175.5 8.6 1046.9 611.8 28.0 59.8 
475.0 118.8 0.0 181.1 8.9 852.1 781.5 3.0 37.8 
425.0 106.3 0.0 153.5 16.5 852.1 887.1 91.0 65.2 
356.0 0.0 142.0 193.0 11.0 801.0 778.0 28.0 40.87 
522.0 0.0 0.0 146.0 0.0 896.0 896.0 7.0 50.51 
382.5 0.0 0.0 185.7 0.0 1047.8 739.3 7.0 24.07 
540.0 0.0 0.0 173.0 0.0 1125.0 613.0 14.0 59.76 
295.0 0.0 0.0 185.0 0.0 1069.0 769.0 28.0 25.18 
144.0 15.0 195.0 176.0 6.0 1021.0 709.0 28.0 15.34 
251.4 0.0 118.3 188.5 5.8 1028.4 757.7 28.0 29.65 
190.0 190.0 0.0 228.0 0.0 932.0 670.0 180.0 46.93 
102.0 153.0 0.0 192.0 0.0 887.0 942.0 3.0 4.57 
198.6 132.4 0.0 192.0 0.0 978.4 825.5 28.0 28.02 
350.0 0.0 0.0 186.0 0.0 1050.0 770.0 7.0 20.28 
213.5 0.0 174.2 159.2 11.7 1043.6 771.9 14.0 29.59 
326.5 0.0 137.9 199.0 10.8 801.1 792.5 28.0 38.63 
272.6 0.0 89.6 198.7 10.6 931.3 762.2 28.0 32.25 
212.0 141.3 0.0 203.5 0.0 973.4 750.0 7.0 15.03 
331.0 0.0 0.0 192.0 0.0 978.0 825.0 180.0 39.0 
190.3 0.0 125.2 161.9 9.9 1088.1 802.6 3.0 9.45 
313.3 262.2 0.0 175.5 8.6 1046.9 611.8 7.0 42.8 
143.0 169.4 142.7 190.7 8.4 967.4 643.5 28.0 29.73 
236.0 0.0 0.0 194.0 0.0 968.0 885.0 14.0 12.84 
212.1 0.0 121.6 180.3 5.7 1057.6 779.3 3.0 12.47 
153.6 144.2 112.3 220.1 10.1 923.2 657.9 28.0 16.5 
310.0 0.0 0.0 192.0 0.0 970.0 850.0 28.0 27.92 
376.0 0.0 0.0 214.6 0.0 1003.5 762.4 100.0 43.06 
446.0 24.0 79.0 162.0 11.6 967.0 712.0 56.0 55.25 
525.0 0.0 0.0 189.0 0.0 1125.0 613.0 180.0 61.92 
164.2 0.0 200.1 181.2 12.6 849.3 846.0 28.0 15.09 
381.4 0.0 0.0 185.7 0.0 1104.6 784.3 7.0 14.54 
159.1 186.7 0.0 175.6 11.3 989.6 788.9 28.0 32.77 
304.0 76.0 0.0 228.0 0.0 932.0 670.0 365.0 55.26 
166.8 250.2 0.0 203.5 0.0 975.6 692.6 90.0 43.57 
229.7 0.0 118.2 195.2 6.1 1028.1 757.6 14.0 22.32 
427.5 47.5 0.0 228.0 0.0 932.0 594.0 270.0 43.01 
116.0 173.0 0.0 192.0 0.0 909.8 891.9 3.0 6.28 
172.4 13.6 172.4 156.8 4.1 1006.3 856.4 100.0 37.68 
281.0 0.0 0.0 186.0 0.0 1104.0 774.0 7.0 14.5 
297.2 0.0 117.5 174.8 9.5 1022.8 753.5 14.0 36.99 
424.0 22.0 132.0 168.0 8.9 822.0 750.0 3.0 32.11 
251.4 0.0 118.3 192.9 5.8 1043.6 754.3 56.0 39.27 
236.0 0.0 0.0 193.0 0.0 968.0 885.0 365.0 25.08 
246.8 0.0 125.1 143.3 12.0 1086.8 800.9 100.0 66.42 
439.0 177.0 0.0 186.0 11.1 884.9 707.9 7.0 56.1 
313.0 145.0 0.0 178.0 8.0 1002.0 689.0 28.0 41.05 
250.2 166.8 0.0 203.5 0.0 977.6 694.1 7.0 19.35 
475.0 0.0 0.0 228.0 0.0 932.0 594.0 28.0 39.29 
165.0 0.0 143.6 163.8 0.0 1005.6 900.9 14.0 16.88 
251.8 0.0 99.9 146.1 12.4 1006.0 899.8 14.0 33.36 
424.0 22.0 132.0 178.0 8.5 822.0 750.0 56.0 65.7 
173.0 116.0 0.0 192.0 0.0 946.8 856.8 7.0 11.39 
143.0 169.0 143.0 191.0 8.0 967.0 643.0 28.0 29.72 
173.5 50.1 173.5 164.8 6.5 1006.2 793.5 100.0 56.06 
446.0 24.0 79.0 162.0 10.3 967.0 712.0 28.0 53.39 
212.0 0.0 124.8 159.0 7.8 1085.4 799.5 28.0 38.5 
427.5 47.5 0.0 228.0 0.0 932.0 594.0 28.0 37.43 
382.5 0.0 0.0 185.7 0.0 1047.8 739.3 28.0 37.44 
491.0 26.0 123.0 201.0 3.9 822.0 699.0 3.0 29.55 
153.0 102.0 0.0 192.0 0.0 888.0 943.1 3.0 4.78 
425.0 106.3 0.0 153.5 16.5 852.1 887.1 7.0 49.2 
339.0 0.0 0.0 185.0 0.0 1069.0 754.0 7.0 21.16 
305.3 203.5 0.0 203.5 0.0 965.4 631.0 28.0 43.38 
203.5 305.3 0.0 203.5 0.0 963.4 630.0 28.0 41.68 
446.0 24.0 79.0 162.0 11.6 967.0 712.0 7.0 39.3 
362.6 189.0 0.0 164.9 11.6 944.7 755.8 3.0 35.3 
387.0 20.0 94.0 157.0 11.6 938.0 845.0 56.0 61.46 
172.4 13.6 172.4 156.8 4.1 1006.3 856.4 14.0 29.75 
331.0 0.0 0.0 192.0 0.0 978.0 825.0 28.0 31.45 
266.0 114.0 0.0 228.0 0.0 932.0 670.0 28.0 45.85 
190.3 0.0 125.2 166.6 9.9 1079.0 798.9 3.0 12.55 
342.0 38.0 0.0 228.0 0.0 932.0 670.0 90.0 50.46 
277.0 0.0 0.0 191.0 0.0 968.0 856.0 3.0 11.36 
251.8 0.0 99.9 146.1 12.4 1006.0 899.8 28.0 33.94 
362.6 189.0 0.0 164.9 11.6 944.7 755.8 7.0 22.9 
387.0 20.0 94.0 157.0 13.9 938.0 845.0 3.0 25.51 
362.6 189.0 0.0 164.9 11.6 944.7 755.8 3.0 35.3 
500.1 0.0 0.0 200.0 3.0 1124.4 613.2 28.0 44.13 
475.0 0.0 0.0 228.0 0.0 932.0 594.0 365.0 41.93 
140.0 133.0 103.0 200.0 7.0 916.0 753.0 28.0 36.44 
475.0 118.8 0.0 181.1 8.9 852.1 781.5 7.0 55.6 
339.0 0.0 0.0 185.0 0.0 1060.0 754.0 28.0 31.65 
214.9 53.8 121.9 155.6 9.6 1014.3 780.6 14.0 38.6 
401.8 94.7 0.0 147.4 11.4 946.8 852.1 3.0 41.1 
144.8 0.0 133.6 180.8 11.1 979.5 811.5 28.0 13.2 
250.0 0.0 95.7 191.8 5.3 948.9 857.2 14.0 24.66 
374.0 189.2 0.0 170.1 10.1 926.1 756.7 3.0 34.4 
251.4 0.0 118.3 188.5 6.4 1028.4 757.7 56.0 36.64 
151.6 0.0 111.9 184.4 7.9 992.0 815.9 28.0 12.18 
425.0 106.3 0.0 153.5 16.5 852.1 887.1 7.0 49.2 
362.6 189.0 0.0 164.9 11.6 944.7 755.8 91.0 79.3 
323.7 282.8 0.0 183.8 10.3 942.7 659.9 3.0 28.3 
393.0 0.0 0.0 192.0 0.0 940.6 785.6 90.0 48.85 
198.6 132.4 0.0 192.0 0.0 978.4 825.5 360.0 44.3 
192.0 288.0 0.0 192.0 0.0 929.8 716.1 3.0 12.79 
389.9 189.0 0.0 145.9 22.0 944.7 755.8 28.0 74.5 
290.4 0.0 96.2 168.1 9.4 961.2 865.0 3.0 22.5 
387.0 20.0 94.0 157.0 14.3 938.0 845.0 7.0 36.84 
190.7 0.0 125.4 162.1 7.8 1090.0 804.0 3.0 15.04 
182.0 45.2 122.0 170.2 8.2 1059.4 780.7 56.0 43.5 
173.5 50.1 173.5 164.8 6.5 1006.2 793.5 56.0 53.77 
133.0 210.0 0.0 196.0 3.0 949.0 795.0 28.0 31.03 
152.7 144.7 0.0 178.1 8.0 999.7 822.2 28.0 19.01 
275.1 0.0 121.4 159.5 9.9 1053.6 777.5 56.0 56.85 
260.0 101.0 78.0 171.0 10.0 936.0 763.0 28.0 49.77 
300.0 0.0 0.0 184.0 0.0 1075.0 795.0 28.0 26.85 
339.0 0.0 0.0 197.0 0.0 968.0 781.0 90.0 35.17 
238.0 0.0 0.0 185.0 0.0 1118.0 789.0 28.0 17.54 
331.0 0.0 0.0 192.0 0.0 978.0 825.0 360.0 41.24 
133.0 200.0 0.0 192.0 0.0 927.4 839.2 7.0 13.66 
102.0 153.0 0.0 192.0 0.0 887.0 942.0 28.0 17.28 
168.0 42.1 163.8 121.8 5.7 1058.7 780.1 100.0 39.23 
238.2 158.8 0.0 185.7 0.0 1040.6 734.3 7.0 15.69 
424.0 22.0 132.0 178.0 8.5 822.0 750.0 28.0 62.05 
500.0 0.0 0.0 151.0 9.0 1033.0 655.0 28.0 69.84 
425.0 106.3 0.0 151.4 18.6 936.0 803.7 7.0 46.8 
296.0 0.0 0.0 192.0 0.0 1085.0 765.0 7.0 14.2 
193.5 290.2 0.0 185.7 0.0 998.2 704.3 7.0 17.2 
194.7 0.0 100.5 170.2 7.5 998.0 901.8 3.0 12.18 
425.0 106.3 0.0 153.5 16.5 852.1 887.1 56.0 64.3 
362.6 189.0 0.0 164.9 11.6 944.7 755.8 28.0 71.3 
313.8 0.0 112.6 169.9 10.1 925.3 782.9 28.0 38.46 
297.0 0.0 0.0 186.0 0.0 1040.0 734.0 7.0 30.96 
376.0 0.0 0.0 214.6 0.0 1003.5 762.4 28.0 31.97 
150.0 237.0 0.0 174.0 12.0 1069.0 675.0 28.0 37.43 
339.0 0.0 0.0 197.0 0.0 968.0 781.0 180.0 36.45 
425.0 106.3 0.0 153.5 16.5 852.1 887.1 91.0 65.2 
427.5 47.5 0.0 228.0 0.0 932.0 594.0 365.0 43.7 
339.0 0.0 0.0 197.0 0.0 968.0 781.0 28.0 32.04 
252.5 0.0 0.0 185.7 0.0 1111.6 784.3 28.0 19.77 
385.0 0.0 136.0 158.0 20.0 903.0 768.0 28.0 55.55 
153.0 102.0 0.0 192.0 0.0 888.0 943.1 28.0 17.96 
531.3 0.0 0.0 141.8 28.2 852.1 893.7 56.0 58.8 
178.0 129.8 118.6 179.9 3.6 1007.3 746.8 14.0 34.24 
166.1 0.0 163.3 176.5 4.5 1058.6 780.1 100.0 33.54 
252.3 0.0 98.8 146.3 14.2 987.8 889.0 3.0 21.78 
165.0 128.5 132.1 175.1 8.1 1005.8 746.6 100.0 55.02 
182.0 45.2 122.0 170.2 8.2 1059.4 780.7 100.0 48.67 
389.9 189.0 0.0 145.9 22.0 944.7 755.8 56.0 79.4 
139.6 209.4 0.0 192.0 0.0 1047.0 806.9 360.0 44.7 
108.3 162.4 0.0 203.5 0.0 938.2 849.0 7.0 7.72 
168.9 42.2 124.3 158.3 10.8 1080.8 796.2 100.0 48.15 
387.0 20.0 94.0 157.0 13.9 938.0 845.0 7.0 45.9 
231.8 0.0 121.6 174.0 6.7 1056.4 778.5 3.0 15.44 
108.3 162.4 0.0 203.5 0.0 938.2 849.0 3.0 2.33 
313.3 0.0 113.0 178.5 8.0 1001.9 688.7 28.0 36.8 
168.0 42.1 163.8 121.8 5.7 1058.7 780.1 3.0 7.75 
153.0 145.0 113.0 178.0 8.0 867.0 824.0 28.0 26.23 
288.4 121.0 0.0 177.4 7.0 907.9 829.5 28.0 42.14 
167.4 129.9 128.6 175.5 7.8 1006.3 746.6 56.0 51.72 
238.0 0.0 0.0 186.0 0.0 1119.0 789.0 28.0 17.54 
261.9 110.5 86.1 195.4 5.0 895.2 732.6 28.0 33.72 
173.0 116.0 0.0 192.0 0.0 946.8 856.8 28.0 24.28 
238.1 0.0 0.0 185.7 0.0 1118.8 789.3 28.0 17.58 
356.0 119.0 0.0 160.0 9.0 1061.0 657.0 28.0 59.0 
362.6 189.0 0.0 164.9 11.6 944.7 755.8 56.0 77.3 
200.0 133.0 0.0 192.0 0.0 965.4 806.2 7.0 17.17 
158.4 0.0 194.9 219.7 11.0 897.7 712.9 28.0 8.54 
136.0 162.0 126.0 172.0 10.0 923.0 764.0 28.0 29.07 
172.4 13.6 172.4 156.8 4.1 1006.3 856.4 3.0 21.29 
181.4 0.0 167.0 169.6 7.6 1055.6 777.8 100.0 45.37 
313.3 145.0 0.0 178.5 8.0 1001.9 688.7 28.0 41.05 
350.0 0.0 0.0 203.0 0.0 974.0 775.0 180.0 32.72 
249.1 0.0 98.8 158.1 12.8 987.8 889.0 14.0 28.68 
425.0 106.3 0.0 153.5 16.5 852.1 887.1 3.0 33.4 
222.4 0.0 96.7 189.3 4.5 967.1 870.3 100.0 40.71 
213.7 98.1 24.5 181.7 6.9 1065.8 785.4 56.0 50.77 
313.3 262.2 0.0 175.5 8.6 1046.9 611.8 56.0 64.9 
212.5 0.0 100.4 159.3 8.7 1007.8 903.6 100.0 42.92 
310.0 0.0 0.0 192.0 0.0 1012.0 830.0 7.0 17.24 
300.0 0.0 120.0 212.0 10.0 878.0 728.0 28.0 23.84 
359.0 19.0 141.0 154.0 10.9 942.0 801.0 7.0 38.61 
424.0 22.0 132.0 168.0 8.9 822.0 750.0 7.0 40.29 
218.2 54.6 123.8 140.8 11.9 1075.7 792.7 28.0 55.51 
238.1 0.0 94.1 186.7 7.0 949.9 847.0 56.0 39.59 
212.1 0.0 121.6 180.3 5.7 1057.6 779.3 28.0 24.9 
322.2 0.0 115.6 196.0 10.4 817.9 813.4 28.0 31.18 
277.0 117.0 91.0 191.0 7.0 946.0 666.0 28.0 43.57 
331.0 170.0 0.0 195.0 8.0 811.0 802.0 28.0 56.61 
296.0 0.0 0.0 186.0 0.0 1090.0 769.0 28.0 25.18 
393.0 0.0 0.0 192.0 0.0 940.0 758.0 3.0 19.11 
220.8 147.2 0.0 185.7 0.0 1055.0 744.3 28.0 25.75 
376.0 0.0 0.0 214.6 0.0 1003.5 762.4 3.0 16.28 
284.0 15.0 141.0 179.0 5.5 842.0 801.0 3.0 13.4 
139.6 209.4 0.0 192.0 0.0 1047.0 806.9 180.0 44.21 
321.4 0.0 127.9 182.5 11.5 870.1 779.7 28.0 37.27 
250.0 0.0 95.7 187.4 5.5 956.9 861.2 3.0 13.82 
155.0 0.0 143.0 193.0 9.0 877.0 868.0 28.0 9.74 
380.0 0.0 0.0 228.0 0.0 932.0 670.0 365.0 52.52 
446.0 24.0 79.0 162.0 10.3 967.0 712.0 56.0 54.77 
385.0 0.0 0.0 186.0 0.0 966.0 763.0 28.0 31.35 
150.0 236.8 0.0 173.8 11.9 1069.3 674.8 28.0 37.43 
229.7 0.0 118.2 195.2 6.1 1028.1 757.6 3.0 13.36 
387.0 20.0 94.0 157.0 11.6 938.0 845.0 7.0 41.67 
332.5 142.5 0.0 228.0 0.0 932.0 594.0 90.0 37.72 
359.0 19.0 141.0 154.0 10.9 942.0 801.0 56.0 66.78 
525.0 0.0 0.0 189.0 0.0 1125.0 613.0 7.0 42.42 
475.0 118.8 0.0 181.1 8.9 852.1 781.5 28.0 68.3 
200.0 133.0 0.0 192.0 0.0 965.4 806.2 90.0 43.25 
337.9 189.0 0.0 174.9 9.5 944.7 755.8 56.0 59.89 
