168.0 42.1 163.8 121.8 5.7 1058.7 780.1 14.0 17.82 
425.0 106.3 0.0 151.4 18.6 936.0 803.7 3.0 36.3 
339.0 0.0 0.0 185.0 0.0 1069.0 754.0 28.0 31.84 
148.1 0.0 136.6 158.1 16.1 1001.8 830.1 28.0 17.96 
182.0 45.2 122.0 170.2 8.2 1059.4 780.7 28.0 31.27 
277.0 0.0 0.0 191.0 0.0 968.0 856.0 28.0 25.97 
322.0 0.0 0.0 203.0 0.0 974.0 800.0 14.0 20.77 
181.4 0.0 167.0 169.6 7.6 1055.6 777.8 3.0 13.62 
284.0 119.7 0.0 168.3 7.2 970.4 794.2 28.0 40.93 
300.0 0.0 0.0 184.0 0.0 1075.0 795.0 28.0 26.85 
246.8 0.0 125.1 143.3 12.0 1086.8 800.9 3.0 23.52 
424.0 22.0 132.0 168.0 8.9 822.0 750.0 3.0 32.11 
339.0 0.0 0.0 197.0 0.0 968.0 781.0 7.0 20.97 
141.3 212.0 0.0 203.5 0.0 971.8 748.5 90.0 39.66 
385.0 0.0 0.0 186.0 0.0 966.0 763.0 7.0 23.22 
424.0 22.0 132.0 168.0 8.9 822.0 750.0 56.0 74.36 
425.0 106.3 0.0 153.5 16.5 852.1 887.1 7.0 49.2 
284.0 15.0 141.0 179.0 5.5 842.0 801.0 7.0 24.13 
266.0 114.0 0.0 228.0 0.0 932.0 670.0 180.0 48.7 
212.0 0.0 124.8 159.0 7.8 1085.4 799.5 3.0 19.52 
222.4 0.0 96.7 189.3 4.5 967.1 870.3 3.0 11.58 
376.0 0.0 0.0 214.6 0.0 1003.5 762.4 14.0 25.62 
213.7 98.1 24.5 181.7 6.9 1065.8 785.4 100.0 53.9 
315.0 137.0 0.0 145.0 5.9 1130.0 745.0 28.0 81.75 
540.0 0.0 0.0 173.0 0.0 1125.0 613.0 28.0 67.31 
220.8 147.2 0.0 185.7 0.0 1055.0 744.3 28.0 25.75 
251.4 0.0 118.3 188.5 5.8 1028.4 757.7 56.0 36.97 
116.0 173.0 0.0 192.0 0.0 909.8 891.9 90.0 31.02 
230.0 0.0 118.3 195.5 4.6 1029.4 758.6 56.0 31.54 
183.9 122.6 0.0 203.5 0.0 959.2 800.0 3.0 4.9 
305.3 203.5 0.0 203.5 0.0 965.4 631.0 90.0 54.6 
251.4 0.0 118.3 188.5 6.4 1028.4 757.7 3.0 13.12 
212.5 0.0 100.4 159.3 8.7 1007.8 903.6 56.0 42.55 
339.0 0.0 0.0 197.0 0.0 968.0 781.0 365.0 38.89 
212.0 141.3 0.0 203.5 0.0 973.4 750.0 28.0 33.0 
446.0 24.0 79.0 162.0 11.6 967.0 712.0 7.0 39.3 
446.0 24.0 79.0 162.0 11.6 967.0 712.0 3.0 23.35 
318.0 0.0 126.0 210.0 6.0 861.0 737.0 28.0 40.06 
331.0 0.0 0.0 192.0 0.0 1025.0 821.0 3.0 14.31 
260.0 101.0 78.0 171.0 10.0 936.0 763.0 28.0 49.77 
266.0 114.0 0.0 228.0 0.0 932.0 670.0 28.0 45.85 
480.0 0.0 0.0 192.0 0.0 936.0 721.0 90.0 54.28 
236.0 157.0 0.0 192.0 0.0 972.6 749.1 28.0 32.88 
251.4 0.0 118.3 192.9 5.8 1043.6 754.3 56.0 39.27 
376.0 0.0 0.0 214.6 0.0 1003.5 762.4 28.0 31.97 
194.7 0.0 100.5 170.2 7.5 998.0 901.8 14.0 24.28 
141.3 212.0 0.0 203.5 0.0 971.8 748.5 28.0 29.89 
149.0 139.0 109.0 193.0 6.0 892.0 780.0 28.0 23.69 
310.0 0.0 0.0 192.0 0.0 970.0 850.0 28.0 27.92 
139.6 209.4 0.0 192.0 0.0 1047.0 806.9 28.0 28.24 
540.0 0.0 0.0 173.0 0.0 1125.0 613.0 270.0 74.17 
304.0 76.0 0.0 228.0 0.0 932.0 670.0 180.0 50.95 
165.0 0.0 143.6 163.8 0.0 1005.6 900.9 14.0 16.88 
149.0 236.0 0.0 176.0 13.0 847.0 893.0 28.0 32.96 
193.5 290.2 0.0 185.7 0.0 998.2 704.3 28.0 32.63 
228.0 342.1 0.0 185.7 0.0 955.8 674.3 7.0 21.92 
166.8 250.2 0.0 203.5 0.0 975.6 692.6 3.0 6.9 
148.0 0.0 137.0 158.0 16.0 1002.0 830.0 28.0 17.95 
230.0 0.0 118.3 195.5 4.6 1029.4 758.6 100.0 35.34 
252.3 0.0 98.8 146.3 14.2 987.8 889.0 100.0 60.95 
233.8 0.0 94.6 197.9 4.6 947.0 852.2 56.0 27.66 
212.1 0.0 121.6 180.3 5.7 1057.6 779.3 3.0 12.47 
310.0 0.0 0.0 192.0 0.0 1012.0 830.0 28.0 27.83 
439.0 177.0 0.0 186.0 11.1 884.9 707.9 3.0 39.3 
166.1 0.0 163.3 176.5 4.5 1058.6 780.1 3.0 10.76 
229.7 0.0 118.2 195.2 6.1 1028.1 757.6 56.0 31.35 
275.1 0.0 121.4 159.5 9.9 1053.6 777.5 56.0 56.85 
387.0 20.0 94.0 157.0 14.3 938.0 845.0 56.0 56.34 
145.0 116.0 119.0 184.0 5.7 833.0 880.0 28.0 29.16 
280.0 129.0 100.0 172.0 9.0 825.0 805.0 28.0 52.82 
214.9 53.8 121.9 155.6 9.6 1014.3 780.6 14.0 38.6 
425.0 106.3 0.0 153.5 16.5 852.1 887.1 91.0 65.2 
164.6 0.0 150.4 181.6 11.7 1023.3 728.9 28.0 18.03 
190.7 0.0 125.4 162.1 7.8 1090.0 804.0 100.0 40.57 
212.5 0.0 100.4 159.3 8.7 1007.8 903.6 14.0 26.31 
178.0 129.8 118.6 179.9 3.6 1007.3 746.8 28.0 39.16 
252.3 0.0 98.8 146.3 14.2 987.8 889.0 56.0 55.83 
387.0 20.0 94.0 157.0 13.9 938.0 845.0 56.0 47.97 
359.0 19.0 141.0 154.0 10.9 942.0 801.0 56.0 68.75 
246.8 0.0 125.1 143.3 12.0 1086.8 800.9 100.0 66.42 
318.8 212.5 0.0 155.7 14.3 852.1 880.4 56.0 66.1 
277.0 0.0 0.0 191.0 0.0 968.0 856.0 3.0 11.36 
310.0 143.0 111.0 168.0 22.0 914.0 651.0 28.0 33.69 
388.6 97.1 0.0 157.9 12.1 852.1 925.7 28.0 50.7 
380.0 0.0 0.0 228.0 0.0 932.0 670.0 90.0 52.91 
277.0 0.0 0.0 191.0 0.0 968.0 856.0 14.0 21.26 
279.8 128.9 100.4 172.4 9.5 825.1 804.9 28.0 52.83 
425.0 106.3 0.0 153.5 16.5 852.1 887.1 3.0 33.4 
159.8 250.0 0.0 168.4 12.2 1049.3 688.2 28.0 39.46 
334.0 17.6 158.0 189.0 15.3 967.0 633.0 28.0 44.33 
349.0 0.0 0.0 192.0 0.0 1047.0 806.0 3.0 14.99 
480.0 0.0 0.0 192.0 0.0 936.0 721.0 28.0 43.89 
362.6 189.0 0.0 164.9 11.6 944.7 755.8 56.0 77.3 
213.8 98.1 24.5 181.7 6.7 1066.0 785.5 3.0 13.18 
326.0 0.0 138.0 199.0 11.0 801.0 792.0 28.0 40.68 
382.0 0.0 0.0 185.0 0.0 1047.0 739.0 7.0 24.0 
425.0 106.3 0.0 153.5 16.5 852.1 887.1 28.0 60.29 
220.8 147.2 0.0 185.7 0.0 1055.0 744.3 7.0 13.09 
446.0 24.0 79.0 162.0 11.6 967.0 712.0 28.0 44.42 
192.0 288.0 0.0 192.0 0.0 929.8 716.1 7.0 21.48 
310.0 143.0 0.0 168.0 10.0 914.0 804.0 28.0 45.3 
425.0 106.3 0.0 153.5 16.5 852.1 887.1 28.0 60.29 
424.0 22.0 132.0 178.0 8.5 822.0 750.0 56.0 65.7 
305.0 0.0 100.0 196.0 10.0 959.0 705.0 28.0 30.12 
261.9 110.5 86.1 195.4 5.0 895.2 732.6 28.0 33.72 
178.0 129.8 118.6 179.9 3.6 1007.3 746.8 100.0 49.99 
379.5 151.2 0.0 153.9 15.9 1134.3 605.0 28.0 52.2 
400.0 0.0 0.0 187.0 0.0 1025.0 745.0 28.0 43.7 
313.8 0.0 112.6 169.9 10.1 925.3 782.9 28.0 38.46 
374.0 189.2 0.0 170.1 10.1 926.1 756.7 91.0 64.9 
266.0 114.0 0.0 228.0 0.0 932.0 670.0 270.0 51.73 
424.0 22.0 132.0 178.0 8.5 822.0 750.0 28.0 62.05 
251.4 0.0 118.3 188.5 5.8 1028.4 757.7 3.0 17.22 
305.3 203.5 0.0 203.5 0.0 965.4 631.0 7.0 25.89 
491.0 26.0 123.0 201.0 3.9 822.0 699.0 7.0 37.92 
302.0 0.0 0.0 203.0 0.0 974.0 817.0 180.0 26.74 
337.9 189.0 0.0 174.9 9.5 944.7 755.8 28.0 49.9 
133.0 210.0 0.0 196.0 3.0 949.0 795.0 28.0 31.03 
140.0 164.0 128.0 237.0 6.0 869.0 656.0 28.0 35.23 
229.7 0.0 118.2 195.2 6.1 1028.1 757.6 14.0 22.32 
213.8 98.1 24.5 181.7 6.7 1066.0 785.5 14.0 17.84 
331.0 0.0 0.0 192.0 0.0 978.0 825.0 180.0 39.0 
122.6 183.9 0.0 203.5 0.0 958.2 800.1 90.0 33.19 
153.0 102.0 0.0 192.0 0.0 888.0 943.1 90.0 26.32 
150.0 237.0 0.0 174.0 12.0 1069.0 675.0 28.0 37.43 
295.7 0.0 95.6 171.5 8.9 955.1 859.2 56.0 48.72 
249.1 0.0 98.8 158.1 12.8 987.8 889.0 100.0 51.06 
272.8 181.9 0.0 185.7 0.0 1012.4 714.3 7.0 19.77 
182.0 45.2 122.0 170.2 8.2 1059.4 780.7 3.0 7.32 
525.0 0.0 0.0 189.0 0.0 1125.0 613.0 3.0 33.8 
252.5 0.0 0.0 185.7 0.0 1111.6 784.3 28.0 19.77 
531.3 0.0 0.0 141.8 28.2 852.1 893.7 3.0 41.3 
350.0 0.0 0.0 186.0 0.0 1050.0 770.0 28.0 34.29 
380.0 95.0 0.0 228.0 0.0 932.0 594.0 365.0 43.7 
331.0 0.0 0.0 192.0 0.0 1025.0 821.0 7.0 17.44 
116.0 173.0 0.0 192.0 0.0 909.8 891.9 3.0 6.28 
173.8 93.4 159.9 172.3 9.7 1007.2 746.6 3.0 15.82 
252.5 0.0 0.0 185.7 0.0 1111.6 784.3 7.0 11.48 
183.9 122.6 0.0 203.5 0.0 959.2 800.0 90.0 32.53 
213.5 0.0 174.2 154.6 11.7 1052.3 775.5 28.0 45.94 
304.0 76.0 0.0 228.0 0.0 932.0 670.0 365.0 55.26 
255.5 170.3 0.0 185.7 0.0 1026.6 724.3 28.0 32.05 
522.0 0.0 0.0 146.0 0.0 896.0 896.0 7.0 50.51 
401.8 94.7 0.0 147.4 11.4 946.8 852.1 56.0 73.7 
135.0 0.0 166.0 180.0 10.0 961.0 805.0 28.0 13.29 
157.0 236.0 0.0 192.0 0.0 935.4 781.2 7.0 16.89 
192.0 288.0 0.0 192.0 0.0 929.8 716.1 3.0 12.79 
342.0 38.0 0.0 228.0 0.0 932.0 670.0 90.0 50.46 
272.8 181.9 0.0 185.7 0.0 1012.4 714.3 28.0 31.38 
318.8 212.5 0.0 155.7 14.3 852.1 880.4 91.0 68.1 
331.0 0.0 0.0 192.0 0.0 978.0 825.0 7.0 16.26 
374.0 0.0 0.0 190.0 7.0 1013.0 730.0 28.0 39.05 
266.0 114.0 0.0 228.0 0.0 932.0 670.0 365.0 52.91 
295.8 0.0 0.0 185.7 0.0 1091.4 769.3 28.0 25.22 
160.2 188.0 146.4 203.2 11.3 828.7 709.7 28.0 35.31 
172.4 13.6 172.4 156.8 4.1 1006.3 856.4 28.0 33.69 
250.2 166.8 0.0 203.5 0.0 977.6 694.1 7.0 19.35 
350.0 0.0 0.0 203.0 0.0 974.0 775.0 7.0 18.13 
475.0 118.8 0.0 181.1 8.9 852.1 781.5 91.0 74.19 
148.0 175.0 0.0 171.0 2.0 1000.0 828.0 28.0 26.92 
173.8 93.4 159.9 172.3 9.7 1007.2 746.6 28.0 37.81 
182.0 45.2 122.0 170.2 8.2 1059.4 780.7 100.0 48.67 
213.5 0.0 174.2 159.2 11.7 1043.6 771.9 3.0 15.61 
149.0 117.6 91.7 182.9 7.1 953.4 780.3 28.0 23.52 
480.0 0.0 0.0 192.0 0.0 936.2 712.2 28.0 43.94 
312.7 0.0 0.0 178.1 8.0 999.7 822.2 28.0 25.1 
313.3 262.2 0.0 175.5 8.6 1046.9 611.8 7.0 42.8 
321.0 0.0 128.0 182.0 11.0 870.0 780.0 28.0 37.26 
153.0 145.0 113.0 178.0 8.0 1002.0 689.0 28.0 25.56 
231.8 0.0 121.6 174.0 6.7 1056.4 778.5 56.0 42.7 
190.3 0.0 125.2 166.6 9.9 1079.0 798.9 56.0 31.72 
213.8 98.1 24.5 181.7 6.7 1066.0 785.5 28.0 40.23 
218.2 54.6 123.8 140.8 11.9 1075.7 792.7 28.0 55.51 
266.0 114.0 0.0 228.0 0.0 932.0 670.0 90.0 47.03 
251.4 0.0 118.3 192.9 5.8 1043.6 754.3 100.0 40.15 
166.8 250.2 0.0 203.5 0.0 975.6 692.6 7.0 15.75 
310.0 0.0 0.0 192.0 0.0 970.0 850.0 180.0 37.33 
339.2 0.0 0.0 185.7 0.0 1069.2 754.3 28.0 31.9 
375.0 93.8 0.0 126.6 23.4 852.1 992.6 56.0 60.2 
255.0 0.0 0.0 192.0 0.0 889.8 945.0 28.0 18.75 
146.0 173.0 0.0 182.0 3.0 986.0 817.0 28.0 23.74 
136.4 161.6 125.8 171.6 10.4 922.6 764.4 28.0 29.07 
102.0 153.0 0.0 192.0 0.0 887.0 942.0 28.0 17.28 
236.0 157.0 0.0 192.0 0.0 972.6 749.1 3.0 13.57 
162.0 190.1 148.1 178.8 18.8 838.1 741.4 28.0 33.76 
480.0 0.0 0.0 192.0 0.0 936.2 712.2 90.0 54.32 
173.5 50.1 173.5 164.8 6.5 1006.2 793.5 56.0 53.77 
379.5 151.2 0.0 153.9 15.9 1134.3 605.0 3.0 28.6 
238.2 158.8 0.0 185.7 0.0 1040.6 734.3 28.0 26.91 
313.0 145.0 0.0 178.0 8.0 1002.0 689.0 28.0 41.05 
133.0 200.0 0.0 192.0 0.0 927.4 839.2 3.0 6.88 
151.8 178.1 138.7 167.5 18.3 944.0 694.6 28.0 36.35 
214.9 53.8 121.9 155.6 9.6 1014.3 780.6 100.0 56.63 
154.0 144.0 112.0 220.0 10.0 923.0 658.0 28.0 16.5 
155.6 243.5 0.0 180.3 10.7 1022.0 697.7 28.0 37.36 
296.0 0.0 0.0 186.0 0.0 1090.0 769.0 28.0 25.18 
290.2 193.5 0.0 185.7 0.0 998.2 704.3 7.0 21.86 
376.0 0.0 0.0 214.6 0.0 1003.5 762.4 3.0 16.28 
145.0 0.0 134.0 181.0 11.0 979.0 812.0 28.0 13.2 
143.0 169.4 142.7 190.7 8.4 967.4 643.5 28.0 29.73 
322.0 0.0 0.0 203.0 0.0 974.0 800.0 28.0 25.18 
500.0 0.0 0.0 151.0 9.0 1033.0 655.0 28.0 69.84 
313.3 262.2 0.0 175.5 8.6 1046.9 611.8 56.0 64.9 
288.0 192.0 0.0 192.0 0.0 932.0 717.8 90.0 50.53 
380.0 95.0 0.0 228.0 0.0 932.0 594.0 7.0 32.82 
305.3 203.5 0.0 203.5 0.0 965.4 631.0 3.0 14.14 
265.0 111.0 86.0 195.0 6.0 833.0 790.0 28.0 41.54 
218.9 0.0 124.1 158.5 11.3 1078.7 794.9 28.0 30.22 
287.3 120.5 93.9 187.6 9.2 904.4 695.9 28.0 43.8 
202.0 11.0 141.0 206.0 1.7 942.0 801.0 3.0 9.85 
540.0 0.0 0.0 173.0 0.0 1125.0 613.0 90.0 69.66 
153.0 102.0 0.0 192.0 0.0 888.0 943.1 7.0 8.37 
284.0 15.0 141.0 179.0 5.5 842.0 801.0 3.0 13.4 
145.0 0.0 179.0 202.0 8.0 824.0 869.0 28.0 10.54 
339.0 0.0 0.0 197.0 0.0 968.0 781.0 28.0 32.04 
446.0 24.0 79.0 162.0 11.6 967.0 712.0 7.0 38.02 
446.0 24.0 79.0 162.0 10.3 967.0 712.0 28.0 53.39 
297.2 0.0 117.5 174.8 9.5 1022.8 753.5 3.0 21.91 
173.5 50.1 173.5 164.8 6.5 1006.2 793.5 100.0 56.06 
296.0 0.0 107.0 221.0 11.0 819.0 778.0 28.0 31.42 
218.2 54.6 123.8 140.8 11.9 1075.7 792.7 100.0 63.53 
475.0 0.0 0.0 162.0 9.5 1044.0 662.0 28.0 58.52 
158.0 0.0 195.0 220.0 11.0 898.0 713.0 28.0 8.54 
168.0 42.1 163.8 121.8 5.7 1058.7 780.1 3.0 7.75 
349.0 0.0 0.0 192.0 0.0 1047.0 806.9 3.0 15.05 
385.0 0.0 0.0 186.0 0.0 966.0 763.0 1.0 6.27 
213.7 0.0 174.7 154.8 10.2 1053.5 776.4 3.0 17.57 
313.0 145.0 0.0 127.0 8.0 1000.0 822.0 28.0 44.52 
190.7 0.0 125.4 162.1 7.8 1090.0 804.0 28.0 26.4 
200.0 133.0 0.0 192.0 0.0 965.4 806.2 3.0 11.41 
164.0 0.0 200.0 181.0 13.0 849.0 846.0 28.0 15.09 
152.0 0.0 112.0 184.0 8.0 992.0 816.0 28.0 12.18 
147.0 115.0 89.0 202.0 9.0 860.0 829.0 28.0 19.99 
359.0 19.0 141.0 154.0 10.9 942.0 801.0 7.0 38.61 
289.0 134.0 0.0 195.0 6.0 924.0 760.0 28.0 46.24 
251.4 0.0 118.3 188.5 6.4 1028.4 757.7 28.0 32.66 
401.8 94.7 0.0 147.4 11.4 946.8 852.1 3.0 41.1 
491.0 26.0 123.0 210.0 3.9 882.0 699.0 28.0 55.55 
349.0 0.0 0.0 192.0 0.0 1056.0 809.0 7.0 9.01 
165.0 0.0 143.6 163.8 0.0 1005.6 900.9 3.0 14.4 
238.1 0.0 94.1 186.7 7.0 949.9 847.0 100.0 44.3 
213.7 98.1 24.5 181.7 6.9 1065.8 785.4 3.0 18.0 
203.5 135.7 0.0 185.7 0.0 1076.2 759.3 7.0 11.96 
388.6 97.1 0.0 157.9 12.1 852.1 925.7 91.0 57.6 
362.6 189.0 0.0 164.9 11.6 944.7 755.8 56.0 77.3 
218.2 54.6 123.8 140.8 11.9 1075.7 792.7 3.0 27.42 
213.5 0.0 174.2 154.6 11.7 1052.3 775.5 3.0 17.37 
212.1 0.0 121.6 180.3 5.7 1057.6 779.3 100.0 39.61 
141.9 166.6 129.7 173.5 10.9 882.6 785.3 28.0 44.61 
165.0 0.0 150.0 182.0 12.0 1023.0 729.0 28.0 18.03 
255.0 0.0 0.0 192.0 0.0 889.8 945.0 7.0 10.22 
136.0 196.0 98.0 199.0 6.0 847.0 783.0 28.0 26.97 
141.3 212.0 0.0 203.5 0.0 971.8 748.5 3.0 4.83 
238.1 0.0 94.1 186.7 7.0 949.9 847.0 28.0 30.23 
314.0 145.3 113.2 178.9 8.0 869.1 690.2 28.0 46.23 
159.1 186.7 0.0 175.6 11.3 989.6 788.9 28.0 32.77 
393.0 0.0 0.0 192.0 0.0 940.6 785.6 3.0 19.2 
313.3 0.0 113.0 178.5 8.0 1001.9 688.7 28.0 36.8 
148.0 0.0 182.0 181.0 15.0 839.0 884.0 28.0 15.52 
236.0 0.0 0.0 194.0 0.0 968.0 885.0 28.0 18.42 
254.0 0.0 0.0 198.0 0.0 968.0 863.0 180.0 27.63 
314.0 0.0 113.0 170.0 10.0 925.0 783.0 28.0 38.46 
236.0 0.0 0.0 193.0 0.0 968.0 885.0 180.0 24.1 
158.6 148.9 116.0 175.1 15.0 953.3 719.7 28.0 27.68 
298.0 0.0 107.0 186.0 6.0 879.0 815.0 28.0 42.64 
146.0 230.0 0.0 202.0 3.0 827.0 872.0 28.0 33.06 
172.4 13.6 172.4 156.8 4.1 1006.3 856.4 100.0 37.68 
277.2 97.8 24.5 160.7 11.2 1061.7 782.5 14.0 47.71 
337.9 189.0 0.0 174.9 9.5 944.7 755.8 7.0 35.1 
155.0 183.0 0.0 193.0 9.0 877.0 868.0 28.0 23.79 
181.9 272.8 0.0 185.7 0.0 1012.4 714.3 28.0 27.94 
139.6 209.4 0.0 192.0 0.0 1047.0 806.9 90.0 39.36 
359.0 19.0 141.0 154.0 10.9 942.0 801.0 56.0 66.78 
157.0 214.0 152.0 200.0 9.0 819.0 704.0 28.0 33.05 
210.7 316.1 0.0 185.7 0.0 977.0 689.3 28.0 37.81 
331.0 0.0 0.0 192.0 0.0 1025.0 821.0 28.0 31.74 
289.0 133.7 0.0 194.9 5.5 924.1 760.1 28.0 46.25 
116.0 173.0 0.0 192.0 0.0 909.8 891.9 28.0 22.35 
332.5 142.5 0.0 228.0 0.0 932.0 594.0 180.0 39.78 
229.7 0.0 118.2 195.2 6.1 1028.1 757.6 28.0 24.54 
323.7 282.8 0.0 183.8 10.3 942.7 659.9 3.0 28.3 
500.0 0.0 0.0 200.0 0.0 1125.0 613.0 270.0 55.16 
385.0 0.0 136.0 158.0 20.0 903.0 768.0 28.0 55.55 
146.5 114.6 89.3 201.9 8.8 860.0 829.5 28.0 19.99 
202.0 11.0 141.0 206.0 1.7 942.0 801.0 56.0 23.25 
168.9 42.2 124.3 158.3 10.8 1080.8 796.2 56.0 39.15 
172.4 13.6 172.4 156.8 4.1 1006.3 856.4 3.0 21.29 
500.0 0.0 0.0 200.0 0.0 1125.0 613.0 3.0 26.06 
213.7 0.0 174.7 154.8 10.2 1053.5 776.4 14.0 33.73 
385.0 0.0 0.0 186.0 0.0 966.0 763.0 3.0 14.7 
198.6 132.4 0.0 192.0 0.0 978.4 825.5 7.0 14.64 
234.0 156.0 0.0 189.0 5.9 981.0 760.0 28.0 39.3 
167.0 75.4 167.0 164.0 7.9 1007.3 770.1 28.0 41.41 
314.0 145.0 113.0 179.0 8.0 869.0 690.0 28.0 46.23 
237.5 237.5 0.0 228.0 0.0 932.0 594.0 180.0 36.25 
362.6 189.0 0.0 164.9 11.6 944.7 755.8 7.0 55.9 
439.0 177.0 0.0 186.0 11.1 884.9 707.9 56.0 71.7 
337.9 189.0 0.0 174.9 9.5 944.7 755.8 3.0 24.1 
337.9 189.0 0.0 174.9 9.5 944.7 755.8 91.0 67.8 
366.0 187.0 0.0 191.0 7.0 824.0 757.0 28.0 65.91 
190.3 0.0 125.2 166.6 9.9 1079.0 798.9 14.0 19.42 
212.5 0.0 100.4 159.3 8.7 1007.8 903.6 3.0 13.54 
166.1 0.0 163.3 176.5 4.5 1058.6 780.1 28.0 21.54 
213.7 98.1 24.5 181.7 6.9 1065.8 785.4 14.0 30.39 
184.0 86.0 190.0 213.0 6.0 923.0 623.0 28.0 22.93 
262.0 111.0 86.0 195.0 5.0 895.0 733.0 28.0 33.72 
212.0 141.3 0.0 203.5 0.0 973.4 750.0 90.0 39.7 
173.0 116.0 0.0 192.0 0.0 946.8 856.8 3.0 6.94 
380.0 95.0 0.0 228.0 0.0 932.0 594.0 180.0 40.76 
213.7 0.0 174.7 154.8 10.2 1053.5 776.4 56.0 46.64 
362.6 189.0 0.0 164.9 11.6 944.7 755.8 28.0 71.3 
475.0 0.0 0.0 228.0 0.0 932.0 594.0 180.0 42.62 
356.0 0.0 142.0 193.0 11.0 801.0 778.0 28.0 40.87 
139.6 209.4 0.0 192.0 0.0 1047.0 806.9 180.0 44.21 
388.6 97.1 0.0 157.9 12.1 852.1 925.7 7.0 34.9 
362.6 189.0 0.0 164.9 11.6 944.7 755.8 91.0 79.3 
525.0 0.0 0.0 189.0 0.0 1125.0 613.0 270.0 67.11 
491.0 26.0 123.0 210.0 3.9 882.0 699.0 7.0 33.49 
190.3 0.0 125.2 161.9 9.9 1088.1 802.6 28.0 28.47 
525.0 0.0 0.0 189.0 0.0 1125.0 613.0 28.0 55.94 
385.0 0.0 0.0 186.0 0.0 966.0 763.0 14.0 27.92 
323.7 282.8 0.0 183.8 10.3 942.7 659.9 7.0 49.8 
173.5 50.1 173.5 164.8 6.5 1006.2 793.5 28.0 38.2 
154.8 0.0 142.8 193.3 9.1 1047.4 696.7 28.0 12.46 
153.1 145.0 113.0 178.5 8.0 1001.9 688.7 28.0 25.56 
332.5 142.5 0.0 228.0 0.0 932.0 594.0 270.0 40.27 
475.0 0.0 59.0 142.0 1.9 1098.0 641.0 28.0 57.23 
218.9 0.0 124.1 158.5 11.3 1078.7 794.9 56.0 37.27 
362.6 189.0 0.0 164.9 11.6 944.7 755.8 3.0 35.3 
165.0 128.5 132.1 175.1 8.1 1005.8 746.6 14.0 33.09 
500.0 0.0 0.0 200.0 0.0 1125.0 613.0 180.0 51.04 
194.7 0.0 100.5 165.6 7.5 1006.4 905.9 100.0 37.34 
250.2 166.8 0.0 203.5 0.0 977.6 694.1 28.0 36.96 
331.0 0.0 0.0 192.0 0.0 1025.0 821.0 120.0 39.38 
213.5 0.0 174.2 159.2 11.7 1043.6 771.9 14.0 29.59 
427.5 47.5 0.0 228.0 0.0 932.0 594.0 270.0 43.01 
307.0 0.0 0.0 193.0 0.0 968.0 812.0 180.0 34.49 
285.0 190.0 0.0 163.0 7.6 1031.0 685.0 28.0 53.58 
165.0 0.0 143.6 163.8 0.0 1005.6 900.9 28.0 26.2 
212.6 0.0 100.4 159.4 10.4 1003.8 903.8 56.0 44.4 
400.0 0.0 0.0 187.0 0.0 1025.0 745.0 7.0 30.14 
190.3 0.0 125.2 166.6 9.9 1079.0 798.9 100.0 33.56 
149.0 118.0 92.0 183.0 7.0 953.0 780.0 28.0 23.52 
350.0 0.0 0.0 203.0 0.0 974.0 775.0 14.0 22.53 
316.1 210.7 0.0 185.7 0.0 977.0 689.3 28.0 38.7 
261.0 100.0 78.0 201.0 9.0 864.0 761.0 28.0 32.4 
183.9 122.6 0.0 203.5 0.0 959.2 800.0 28.0 24.05 
475.0 118.8 0.0 181.1 8.9 852.1 781.5 56.0 72.3 
355.0 19.0 97.0 145.0 12.3 967.0 871.0 28.0 55.45 
446.0 24.0 79.0 162.0 11.6 967.0 712.0 3.0 25.02 
238.1 0.0 0.0 185.7 0.0 1118.8 789.3 28.0 17.58 
500.0 0.0 0.0 200.0 0.0 1125.0 613.0 14.0 36.94 
540.0 0.0 0.0 162.0 2.5 1055.0 676.0 28.0 61.89 
387.0 20.0 94.0 157.0 14.3 938.0 845.0 3.0 22.75 
350.0 0.0 0.0 203.0 0.0 974.0 775.0 180.0 32.72 
295.8 0.0 0.0 185.7 0.0 1091.4 769.3 7.0 14.84 
425.0 106.3 0.0 153.5 16.5 852.1 887.1 3.0 33.4 
251.8 0.0 99.9 146.1 12.4 1006.0 899.8 100.0 45.37 
222.4 0.0 96.7 189.3 4.5 967.1 870.3 14.0 24.45 
168.9 42.2 124.3 158.3 10.8 1080.8 796.2 3.0 7.4 
166.1 0.0 163.3 176.5 4.5 1058.6 780.1 100.0 33.54 
218.9 0.0 124.1 158.5 11.3 1078.7 794.9 100.0 46.23 
145.4 0.0 178.9 201.7 7.8 824.0 868.7 28.0 10.54 
281.0 0.0 0.0 185.0 0.0 1104.0 774.0 28.0 22.44 
318.8 212.5 0.0 155.7 14.3 852.1 880.4 3.0 25.2 
297.8 137.2 106.9 201.3 6.0 878.4 655.3 28.0 53.52 
238.0 0.0 0.0 186.0 0.0 1119.0 789.0 28.0 17.54 
192.0 288.0 0.0 192.0 0.0 929.8 716.1 90.0 50.73 
190.0 190.0 0.0 228.0 0.0 932.0 670.0 270.0 50.66 
231.8 0.0 121.6 174.0 6.7 1056.4 778.5 28.0 33.73 
213.8 98.1 24.5 181.7 6.7 1066.0 785.5 56.0 47.13 
333.0 0.0 0.0 192.0 0.0 931.2 842.6 7.0 23.4 
250.0 0.0 0.0 182.0 0.0 1100.0 820.0 28.0 20.87 
135.0 105.0 193.0 196.0 6.0 965.0 643.0 28.0 21.91 
307.0 0.0 0.0 193.0 0.0 968.0 812.0 365.0 36.15 
212.1 0.0 121.6 180.3 5.7 1057.6 779.3 14.0 20.92 
333.0 0.0 0.0 192.0 0.0 931.2 842.6 28.0 31.97 
302.0 0.0 0.0 203.0 0.0 974.0 817.0 28.0 21.75 
450.1 50.0 0.0 200.0 3.0 1124.4 613.2 28.0 39.38 
277.2 97.8 24.5 160.7 11.2 1061.7 782.5 3.0 30.45 
165.0 0.0 143.6 163.8 0.0 1005.6 900.9 100.0 37.96 
362.6 189.0 0.0 164.9 11.6 944.7 755.8 7.0 55.9 
387.0 20.0 94.0 157.0 14.3 938.0 845.0 28.0 50.24 
168.9 42.2 124.3 158.3 10.8 1080.8 796.2 28.0 31.12 
339.0 0.0 0.0 197.0 0.0 968.0 781.0 3.0 13.22 
375.0 93.8 0.0 126.6 23.4 852.1 992.6 7.0 45.7 
254.0 0.0 0.0 198.0 0.0 968.0 863.0 365.0 29.79 
156.0 243.0 0.0 180.0 11.0 1022.0 698.0 28.0 37.36 
275.0 0.0 0.0 183.0 0.0 1088.0 808.0 7.0 14.2 
276.0 116.0 90.0 180.0 9.0 870.0 768.0 28.0 44.28 
277.2 97.8 24.5 160.7 11.2 1061.7 782.5 100.0 66.95 
500.0 0.0 0.0 200.0 0.0 1125.0 613.0 7.0 33.21 
425.0 106.3 0.0 153.5 16.5 852.1 887.1 56.0 64.3 
425.0 106.3 0.0 151.4 18.6 936.0 803.7 28.0 61.8 
277.1 0.0 97.4 160.6 11.8 973.9 875.6 14.0 41.89 
375.0 93.8 0.0 126.6 23.4 852.1 992.6 3.0 29.0 
397.0 0.0 0.0 186.0 0.0 1040.0 734.0 28.0 36.94 
531.3 0.0 0.0 141.8 28.2 852.1 893.7 28.0 56.4 
213.7 98.1 24.5 181.7 6.9 1065.8 785.4 28.0 45.71 
236.0 157.0 0.0 192.0 0.0 972.6 749.1 90.0 47.78 
178.0 129.8 118.6 179.9 3.6 1007.3 746.8 56.0 48.59 
157.0 236.0 0.0 192.0 0.0 935.4 781.2 28.0 33.66 
375.0 0.0 0.0 186.0 0.0 1038.0 758.0 7.0 26.06 
298.1 0.0 107.0 186.4 6.1 879.0 815.2 28.0 42.64 
380.0 95.0 0.0 228.0 0.0 932.0 594.0 270.0 41.15 
198.6 132.4 0.0 192.0 0.0 978.4 825.5 90.0 38.07 
397.0 0.0 0.0 185.7 0.0 1040.6 734.3 7.0 25.45 
133.0 200.0 0.0 192.0 0.0 927.4 839.2 90.0 36.59 
310.0 0.0 0.0 192.0 0.0 970.0 850.0 90.0 34.68 
525.0 0.0 0.0 189.0 0.0 1125.0 613.0 180.0 61.92 
388.6 97.1 0.0 157.9 12.1 852.1 925.7 3.0 28.1 
133.1 210.2 0.0 195.7 3.1 949.4 795.3 28.0 28.94 
143.7 170.2 132.6 191.6 8.5 814.1 805.3 28.0 29.87 
238.2 158.8 0.0 185.7 0.0 1040.6 734.3 7.0 15.69 
238.0 0.0 0.0 186.0 0.0 1119.0 789.0 7.0 12.05 
516.0 0.0 0.0 162.0 8.3 801.0 802.0 28.0 41.37 
225.0 0.0 0.0 181.0 0.0 1113.0 833.0 28.0 17.34 
295.7 0.0 95.6 171.5 8.9 955.1 859.2 100.0 52.04 
362.6 189.0 0.0 164.9 11.6 944.7 755.8 28.0 71.3 
144.8 0.0 133.6 180.8 11.1 979.5 811.5 28.0 13.2 
350.0 0.0 0.0 203.0 0.0 974.0 775.0 56.0 29.98 
145.9 230.5 0.0 202.5 3.4 827.0 871.8 28.0 32.72 
362.6 189.0 0.0 164.9 11.6 944.7 755.8 28.0 71.3 
382.5 0.0 0.0 185.7 0.0 1047.8 739.3 7.0 24.07 
359.0 19.0 141.0 154.0 10.9 942.0 801.0 28.0 59.49 
446.0 24.0 79.0 162.0 11.6 967.0 712.0 28.0 57.03 
250.0 0.0 95.7 187.4 5.5 956.9 861.2 14.0 24.92 
153.6 144.2 112.3 220.1 10.1 923.2 657.9 28.0 16.5 
173.5 50.1 173.5 164.8 6.5 1006.2 793.5 3.0 23.08 
313.3 145.0 0.0 178.5 8.0 1001.9 688.7 28.0 41.05 
349.0 0.0 0.0 192.0 0.0 1047.0 806.0 28.0 32.72 
190.0 190.0 0.0 228.0 0.0 932.0 670.0 90.0 42.33 
148.5 139.4 108.6 192.7 6.1 892.4 780.0 28.0 23.7 
425.0 106.3 0.0 153.5 16.5 852.1 887.1 56.0 64.3 
251.8 0.0 99.9 146.1 12.4 1006.0 899.8 56.0 44.14 
153.1 145.0 113.0 178.5 8.0 867.2 824.0 28.0 26.23 
339.0 0.0 0.0 197.0 0.0 968.0 781.0 14.0 27.04 
194.7 0.0 100.5 170.2 7.5 998.0 901.8 100.0 44.28 
331.0 0.0 0.0 192.0 0.0 978.0 825.0 360.0 41.24 
181.4 0.0 167.0 169.6 7.6 1055.6 777.8 28.0 27.77 
250.2 166.8 0.0 203.5 0.0 977.6 694.1 90.0 47.71 
380.0 0.0 0.0 228.0 0.0 932.0 670.0 365.0 52.52 
122.6 183.9 0.0 203.5 0.0 958.2 800.1 7.0 10.35 
312.9 160.5 0.0 177.6 9.6 916.6 759.5 28.0 52.45 
317.9 0.0 126.5 209.7 5.7 860.5 736.6 28.0 40.06 
362.6 189.0 0.0 164.9 11.6 944.7 755.8 56.0 77.3 
233.8 0.0 94.6 197.9 4.6 947.0 852.2 100.0 34.56 
297.2 0.0 117.5 174.8 9.5 1022.8 753.5 28.0 47.4 
342.0 38.0 0.0 228.0 0.0 932.0 670.0 270.0 55.06 
296.0 0.0 0.0 186.0 0.0 1090.0 769.0 7.0 18.91 
313.0 161.0 0.0 178.0 10.0 917.0 759.0 28.0 52.44 
289.0 0.0 0.0 192.0 0.0 913.2 895.3 7.0 14.6 
362.6 189.0 0.0 164.9 11.6 944.7 755.8 91.0 79.3 
425.0 106.3 0.0 151.4 18.6 936.0 803.7 91.0 66.7 
516.0 0.0 0.0 162.0 8.2 801.0 802.0 28.0 41.37 
475.0 118.8 0.0 181.1 8.9 852.1 781.5 7.0 55.6 
178.0 129.8 118.6 179.9 3.6 1007.3 746.8 3.0 20.73 
387.0 20.0 94.0 157.0 11.6 938.0 845.0 7.0 41.67 
425.0 106.3 0.0 153.5 16.5 852.1 887.1 7.0 49.2 
236.0 0.0 0.0 194.0 0.0 968.0 885.0 90.0 21.95 
401.8 94.7 0.0 147.4 11.4 946.8 852.1 91.0 75.5 
374.0 189.2 0.0 170.1 10.1 926.1 756.7 28.0 61.09 
150.9 0.0 183.9 166.6 11.6 991.2 772.2 28.0 15.57 
155.0 0.0 143.0 193.0 9.0 1047.0 697.0 28.0 12.46 
297.2 0.0 117.5 174.8 9.5 1022.8 753.5 56.0 51.96 
148.1 0.0 182.1 181.4 15.0 838.9 884.3 28.0 15.53 
212.6 0.0 100.4 159.4 10.4 1003.8 903.8 100.0 47.74 
233.8 0.0 94.6 197.9 4.6 947.0 852.2 14.0 22.14 
339.0 0.0 0.0 197.0 0.0 968.0 781.0 180.0 36.45 
252.3 0.0 98.8 146.3 14.2 987.8 889.0 28.0 50.6 
313.0 0.0 113.0 178.0 8.0 1002.0 689.0 28.0 36.8 
385.0 0.0 0.0 186.0 0.0 966.0 763.0 28.0 31.35 
133.0 200.0 0.0 192.0 0.0 927.4 839.2 28.0 27.87 
155.0 0.0 143.0 193.0 9.0 877.0 868.0 28.0 9.74 
210.7 316.1 0.0 185.7 0.0 977.0 689.3 7.0 21.82 
251.4 0.0 118.3 188.5 6.4 1028.4 757.7 100.0 44.21 
108.3 162.4 0.0 203.5 0.0 938.2 849.0 90.0 29.23 
298.0 137.0 107.0 201.0 6.0 878.0 655.0 28.0 53.52 
339.0 0.0 0.0 197.0 0.0 968.0 781.0 90.0 35.17 
252.0 0.0 0.0 185.0 0.0 1111.0 784.0 7.0 13.71 
362.6 189.0 0.0 164.9 11.6 944.7 755.8 3.0 35.3 
147.8 175.1 0.0 171.2 2.2 1000.0 828.5 28.0 26.92 
214.9 53.8 121.9 155.6 9.6 1014.3 780.6 56.0 53.96 
382.0 0.0 0.0 186.0 0.0 1111.0 784.0 7.0 11.47 
393.0 0.0 0.0 192.0 0.0 940.6 785.6 7.0 27.74 
475.0 0.0 0.0 228.0 0.0 932.0 594.0 270.0 42.13 
251.4 0.0 118.3 188.5 6.4 1028.4 757.7 14.0 24.43 
380.0 95.0 0.0 228.0 0.0 932.0 594.0 90.0 40.56 
349.0 0.0 0.0 192.0 0.0 1047.0 806.0 90.0 39.49 
200.0 0.0 0.0 180.0 0.0 1125.0 845.0 28.0 12.25 
296.0 0.0 0.0 192.0 0.0 1085.0 765.0 7.0 14.2 
362.6 189.0 0.0 164.9 11.6 944.7 755.8 3.0 35.3 
250.0 0.0 95.7 187.4 5.5 956.9 861.2 100.0 42.35 
139.6 209.4 0.0 192.0 0.0 1047.0 806.9 7.0 14.59 
167.0 75.4 167.0 164.0 7.9 1007.3 770.1 14.0 32.9 
376.0 0.0 0.0 214.6 0.0 1003.5 762.4 100.0 43.06 
246.8 0.0 125.1 143.3 12.0 1086.8 800.9 56.0 60.32 
173.0 116.0 0.0 192.0 0.0 946.8 856.8 90.0 32.1 
336.5 0.0 0.0 181.9 3.4 985.8 816.8 28.0 44.87 
491.0 26.0 123.0 210.0 3.9 882.0 699.0 56.0 59.59 
225.0 0.0 0.0 181.0 0.0 1113.0 833.0 7.0 11.17 
259.9 100.6 78.4 170.6 10.4 935.7 762.9 28.0 49.77 
342.0 38.0 0.0 228.0 0.0 932.0 670.0 180.0 52.12 
381.4 0.0 0.0 185.7 0.0 1104.6 784.3 28.0 22.49 
153.0 145.0 113.0 178.0 8.0 867.0 824.0 28.0 26.23 
212.0 0.0 124.8 159.0 7.8 1085.4 799.5 100.0 47.82 
275.0 0.0 0.0 183.0 0.0 1088.0 808.0 28.0 24.5 
379.5 151.2 0.0 153.9 15.9 1134.3 605.0 7.0 47.1 
237.5 237.5 0.0 228.0 0.0 932.0 594.0 90.0 33.12 
155.0 184.0 143.0 194.0 9.0 880.0 699.0 28.0 28.99 
389.9 189.0 0.0 145.9 22.0 944.7 755.8 7.0 59.09 
332.5 142.5 0.0 228.0 0.0 932.0 594.0 90.0 37.72 
157.0 236.0 0.0 192.0 0.0 935.4 781.2 3.0 9.69 
236.0 157.0 0.0 192.0 0.0 972.6 749.1 7.0 20.42 
190.3 0.0 125.2 161.9 9.9 1088.1 802.6 56.0 38.56 
427.5 47.5 0.0 228.0 0.0 932.0 594.0 90.0 41.54 
375.0 93.8 0.0 126.6 23.4 852.1 992.6 28.0 56.7 
251.4 0.0 118.3 192.9 5.8 1043.6 754.3 14.0 20.73 
250.0 0.0 95.7 191.8 5.3 948.9 857.2 100.0 41.16 
230.0 0.0 118.3 195.5 4.6 1029.4 758.6 14.0 20.08 
198.6 132.4 0.0 192.0 0.0 978.4 825.5 28.0 28.02 
182.0 45.2 122.0 170.2 8.2 1059.4 780.7 14.0 21.5 
160.0 128.0 122.0 182.0 6.4 824.0 879.0 28.0 39.4 
439.0 177.0 0.0 186.0 11.1 884.9 707.9 7.0 56.1 
236.0 0.0 0.0 194.0 0.0 968.0 885.0 3.0 6.47 
255.3 98.8 77.0 188.6 6.5 919.0 749.3 28.0 33.8 
277.1 0.0 97.4 160.6 11.8 973.9 875.6 3.0 23.14 
491.0 26.0 123.0 201.0 3.9 822.0 699.0 56.0 61.86 
289.0 0.0 0.0 192.0 0.0 913.2 895.3 90.0 32.07 
331.0 0.0 0.0 192.0 0.0 978.0 825.0 90.0 37.23 
139.6 209.4 0.0 192.0 0.0 1047.0 806.9 3.0 8.06 
172.4 13.6 172.4 156.8 4.1 1006.3 856.4 56.0 35.85 
266.0 112.0 87.0 178.0 10.0 910.0 745.0 28.0 39.42 
140.0 133.0 103.0 200.0 7.0 916.0 753.0 28.0 36.44 
229.7 0.0 118.2 195.2 6.1 1028.1 757.6 3.0 13.36 
295.7 0.0 95.6 171.5 8.9 955.1 859.2 14.0 35.23 
233.8 0.0 94.6 197.9 4.6 947.0 852.2 28.0 22.84 
350.0 0.0 0.0 203.0 0.0 974.0 775.0 90.0 31.35 
331.0 0.0 0.0 192.0 0.0 879.0 825.0 3.0 13.52 
362.6 189.0 0.0 164.9 11.6 944.7 755.8 28.0 71.3 
173.8 93.4 159.9 172.3 9.7 1007.2 746.6 100.0 50.94 
251.4 0.0 118.3 188.5 6.4 1028.4 757.7 56.0 36.64 
272.6 0.0 89.6 198.7 10.6 931.3 762.2 28.0 32.25 
469.0 117.2 0.0 137.8 32.2 852.1 840.5 3.0 40.2 
427.5 47.5 0.0 228.0 0.0 932.0 594.0 28.0 37.43 
303.6 139.9 0.0 213.5 6.2 895.5 722.5 28.0 33.42 
178.0 129.8 118.6 179.9 3.6 1007.3 746.8 14.0 34.24 
212.0 0.0 124.8 159.0 7.8 1085.4 799.5 28.0 38.5 
152.6 238.7 0.0 200.0 6.3 1001.8 683.9 28.0 26.86 
164.0 163.0 128.0 197.0 8.0 961.0 641.0 28.0 27.23 
427.5 47.5 0.0 228.0 0.0 932.0 594.0 365.0 43.7 
200.0 133.0 0.0 192.0 0.0 965.4 806.2 90.0 43.25 
236.0 0.0 0.0 193.0 0.0 968.0 885.0 7.0 9.99 
162.0 214.0 164.0 202.0 10.0 820.0 680.0 28.0 30.65 
397.0 17.2 158.0 167.0 20.8 967.0 633.0 28.0 55.65 
281.0 0.0 0.0 186.0 0.0 1104.0 774.0 7.0 14.5 
362.6 189.0 0.0 164.9 11.6 944.7 755.8 56.0 77.3 
318.8 212.5 0.0 155.7 14.3 852.1 880.4 28.0 55.5 
143.6 0.0 174.9 158.4 17.9 942.7 844.5 28.0 15.42 
167.4 129.9 128.6 175.5 7.8 1006.3 746.6 28.0 41.2 
362.6 189.0 0.0 164.9 11.6 944.7 755.8 3.0 35.3 
252.0 97.0 76.0 194.0 8.0 835.0 821.0 28.0 33.4 
203.5 305.3 0.0 203.5 0.0 963.4 630.0 7.0 19.54 
296.0 0.0 0.0 192.0 0.0 1085.0 765.0 90.0 29.39 
249.1 0.0 98.8 158.1 12.8 987.8 889.0 14.0 28.68 
173.0 116.0 0.0 192.0 0.0 946.8 856.8 28.0 24.28 
213.7 0.0 174.7 154.8 10.2 1053.5 776.4 100.0 50.08 
233.8 0.0 94.6 197.9 4.6 947.0 852.2 3.0 10.38 
218.9 0.0 124.1 158.5 11.3 1078.7 794.9 14.0 26.05 
356.0 119.0 0.0 160.0 9.0 1061.0 657.0 28.0 59.0 
310.0 0.0 0.0 192.0 0.0 1012.0 830.0 120.0 38.7 
389.9 189.0 0.0 145.9 22.0 944.7 755.8 28.0 74.5 
143.8 136.3 106.2 178.1 7.5 941.5 774.3 28.0 26.15 
190.0 190.0 0.0 228.0 0.0 932.0 670.0 28.0 40.86 
150.0 236.8 0.0 173.8 11.9 1069.3 674.8 28.0 37.43 
359.0 19.0 141.0 154.0 10.9 942.0 801.0 3.0 25.12 
321.0 164.0 0.0 190.0 5.0 870.0 774.0 28.0 57.21 
214.9 53.8 121.9 155.6 9.6 1014.3 780.6 3.0 18.02 
500.0 0.0 0.0 200.0 0.0 1125.0 613.0 28.0 44.09 
218.2 54.6 123.8 140.8 11.9 1075.7 792.7 56.0 61.99 
337.9 189.0 0.0 174.9 9.5 944.7 755.8 56.0 59.89 
500.0 0.0 0.0 200.0 0.0 1125.0 613.0 1.0 12.64 
290.2 193.5 0.0 185.7 0.0 998.2 704.3 28.0 33.04 
251.4 0.0 118.3 188.5 5.8 1028.4 757.7 100.0 43.58 
330.5 169.6 0.0 194.9 8.1 811.0 802.3 28.0 56.62 
255.0 0.0 0.0 192.0 0.0 889.8 945.0 90.0 21.86 
331.0 0.0 0.0 192.0 0.0 978.0 825.0 3.0 13.52 
190.3 0.0 125.2 161.9 9.9 1088.1 802.6 3.0 9.45 
212.0 0.0 124.8 159.0 7.8 1085.4 799.5 14.0 31.35 
154.8 183.4 0.0 193.3 9.1 1047.4 696.7 28.0 18.29 
231.8 0.0 121.6 174.0 6.7 1056.4 778.5 3.0 15.44 
231.8 0.0 121.6 174.0 6.7 1056.4 778.5 14.0 26.77 
214.9 53.8 121.9 155.6 9.6 1014.3 780.6 28.0 52.2 
323.7 282.8 0.0 183.8 10.3 942.7 659.9 28.0 74.7 
491.0 26.0 123.0 201.0 3.9 822.0 699.0 28.0 57.92 
298.0 0.0 107.0 210.0 11.0 880.0 744.0 28.0 31.87 
212.0 0.0 124.8 159.0 7.8 1085.4 799.5 56.0 45.08 
380.0 0.0 0.0 228.0 0.0 932.0 670.0 180.0 53.1 
374.0 189.2 0.0 170.1 10.1 926.1 756.7 56.0 63.4 
153.0 239.0 0.0 200.0 6.0 1002.0 684.0 28.0 26.86 
491.0 26.0 123.0 210.0 3.9 882.0 699.0 3.0 25.61 
212.6 0.0 100.4 159.4 10.4 1003.8 903.8 3.0 13.33 
326.5 0.0 137.9 199.0 10.8 801.1 792.5 28.0 38.63 
387.0 20.0 94.0 157.0 13.9 938.0 845.0 3.0 25.51 
307.0 0.0 0.0 193.0 0.0 968.0 812.0 3.0 12.54 
286.3 200.9 0.0 144.7 11.2 1004.6 803.7 91.0 76.8 
380.0 0.0 0.0 228.0 0.0 932.0 670.0 270.0 53.3 
186.2 124.1 0.0 185.7 0.0 1083.4 764.3 28.0 17.6 
141.3 212.0 0.0 203.5 0.0 971.8 748.5 7.0 10.39 
239.6 359.4 0.0 185.7 0.0 941.6 664.3 28.0 39.44 
374.3 0.0 0.0 190.2 6.7 1013.2 730.4 28.0 39.06 
277.1 0.0 97.4 160.6 11.8 973.9 875.6 56.0 51.04 
424.0 22.0 132.0 168.0 8.9 822.0 750.0 7.0 40.29 
190.3 0.0 125.2 161.9 9.9 1088.1 802.6 14.0 22.72 
298.2 0.0 107.0 209.7 11.1 879.6 744.2 28.0 31.88 
540.0 0.0 0.0 173.0 0.0 1125.0 613.0 14.0 59.76 
229.7 0.0 118.2 195.2 6.1 1028.1 757.6 100.0 40.86 
277.0 116.8 91.0 190.6 7.0 946.5 665.6 28.0 43.58 
310.0 142.8 0.0 167.9 10.0 914.3 804.0 28.0 45.3 
252.3 0.0 98.8 146.3 14.2 987.8 889.0 3.0 21.78 
135.7 203.5 0.0 185.7 0.0 1076.2 759.3 7.0 7.51 
439.0 177.0 0.0 186.0 11.1 884.9 707.9 28.0 66.0 
387.0 20.0 94.0 157.0 13.9 938.0 845.0 28.0 46.68 
151.6 0.0 111.9 184.4 7.9 992.0 815.9 28.0 12.18 
349.0 0.0 0.0 192.0 0.0 1056.0 809.0 120.0 40.86 
252.3 0.0 98.8 146.3 14.2 987.8 889.0 14.0 42.29 
152.7 144.7 0.0 178.1 8.0 999.7 822.2 28.0 19.01 
401.8 94.7 0.0 147.4 11.4 946.8 852.1 28.0 68.5 
387.0 20.0 94.0 157.0 13.9 938.0 845.0 7.0 45.9 
149.5 236.0 0.0 175.8 12.6 846.8 892.7 28.0 32.96 
387.0 20.0 94.0 157.0 11.6 938.0 845.0 3.0 34.77 
142.0 167.0 130.0 174.0 11.0 883.0 785.0 28.0 44.61 
144.0 0.0 175.0 158.0 18.0 943.0 844.0 28.0 15.42 
485.0 0.0 0.0 146.0 0.0 1120.0 800.0 28.0 71.99 
170.3 155.5 0.0 185.7 0.0 1026.6 724.3 7.0 10.73 
540.0 0.0 0.0 173.0 0.0 1125.0 613.0 7.0 52.61 
255.0 0.0 0.0 192.0 0.0 889.8 945.0 3.0 8.2 
165.0 128.5 132.1 175.1 8.1 1005.8 746.6 100.0 55.02 
139.6 209.4 0.0 192.0 0.0 1047.0 806.9 360.0 44.7 
389.9 189.0 0.0 145.9 22.0 944.7 755.8 3.0 40.6 
376.0 0.0 0.0 214.6 0.0 1003.5 762.4 56.0 36.3 
302.0 0.0 0.0 203.0 0.0 974.0 817.0 14.0 18.13 
304.0 76.0 0.0 228.0 0.0 932.0 670.0 90.0 49.19 
213.5 0.0 174.2 159.2 11.7 1043.6 771.9 28.0 44.64 
500.1 0.0 0.0 200.0 3.0 1124.4 613.2 28.0 44.13 
134.7 0.0 165.7 180.2 10.0 961.0 804.9 28.0 13.29 
173.5 50.1 173.5 164.8 6.5 1006.2 793.5 14.0 33.01 
203.5 305.3 0.0 203.5 0.0 963.4 630.0 3.0 9.56 
203.5 305.3 0.0 203.5 0.0 963.4 630.0 28.0 41.68 
540.0 0.0 0.0 173.0 0.0 1125.0 613.0 180.0 71.62 
231.8 0.0 121.6 174.0 6.7 1056.4 778.5 100.0 45.84 
393.0 0.0 0.0 192.0 0.0 940.0 758.0 3.0 19.11 
362.6 189.0 0.0 164.9 11.6 944.7 755.8 91.0 79.3 
167.4 129.9 128.6 175.5 7.8 1006.3 746.6 100.0 53.66 
313.0 145.0 0.0 178.0 8.0 867.0 824.0 28.0 44.39 
312.7 144.7 0.0 127.3 8.0 999.7 822.2 28.0 44.52 
167.0 75.4 167.0 164.0 7.9 1007.3 770.1 56.0 53.46 
446.0 24.0 79.0 162.0 11.6 967.0 712.0 7.0 52.01 
362.6 189.0 0.0 164.9 11.6 944.7 755.8 91.0 79.3 
194.7 0.0 100.5 165.6 7.5 1006.4 905.9 56.0 33.96 
182.0 45.2 122.0 170.2 8.2 1059.4 780.7 56.0 43.5 
165.0 128.5 132.1 175.1 8.1 1005.8 746.6 28.0 46.39 
297.2 0.0 117.5 174.8 9.5 1022.8 753.5 100.0 56.74 
393.0 0.0 0.0 192.0 0.0 940.0 758.0 90.0 48.79 
304.0 76.0 0.0 228.0 0.0 932.0 670.0 270.0 54.38 
132.0 206.5 160.9 178.9 5.5 866.9 735.6 28.0 33.31 
251.4 0.0 118.3 188.5 5.8 1028.4 757.7 28.0 29.65 
277.2 97.8 24.5 160.7 11.2 1061.7 782.5 56.0 66.82 
425.0 106.3 0.0 151.4 18.6 936.0 803.7 7.0 46.8 
266.2 112.3 87.5 177.9 10.4 909.7 744.5 28.0 39.42 
168.9 42.2 124.3 158.3 10.8 1080.8 796.2 14.0 23.51 
213.8 98.1 24.5 181.7 6.7 1066.0 785.5 100.0 49.97 
332.5 142.5 0.0 228.0 0.0 932.0 594.0 7.0 30.28 
531.3 0.0 0.0 141.8 28.2 852.1 893.7 7.0 46.9 
167.0 187.0 195.0 185.0 7.0 898.0 636.0 28.0 23.89 
159.0 187.0 0.0 176.0 11.0 990.0 789.0 28.0 32.76 
190.0 190.0 0.0 228.0 0.0 932.0 670.0 365.0 53.69 
298.1 0.0 107.5 163.6 12.8 953.2 784.0 28.0 35.87 
333.0 0.0 0.0 192.0 0.0 931.2 842.6 90.0 41.68 
249.1 0.0 98.8 158.1 12.8 987.8 889.0 56.0 42.03 
159.0 209.0 161.0 201.0 7.0 848.0 669.0 28.0 30.88 
277.2 97.8 24.5 160.7 11.2 1061.7 782.5 28.0 63.14 
186.2 124.1 0.0 185.7 0.0 1083.4 764.3 7.0 8.0 
230.0 0.0 118.3 195.5 4.6 1029.4 758.6 28.0 24.48 
424.0 22.0 132.0 178.0 8.5 822.0 750.0 7.0 39.0 
202.0 11.0 141.0 206.0 1.7 942.0 801.0 7.0 15.07 
144.0 15.0 195.0 176.0 6.0 1021.0 709.0 28.0 15.34 
322.0 149.0 0.0 186.0 8.0 951.0 709.0 28.0 52.42 
143.0 169.0 143.0 191.0 8.0 967.0 643.0 28.0 29.72 
439.0 177.0 0.0 186.0 11.1 884.9 707.9 91.0 73.3 
491.0 26.0 123.0 201.0 3.9 822.0 699.0 3.0 29.55 
321.4 0.0 127.9 182.5 11.5 870.1 779.7 28.0 37.27 
212.0 141.3 0.0 203.5 0.0 973.4 750.0 3.0 6.81 
273.0 0.0 90.0 199.0 11.0 931.0 762.0 28.0 32.24 
374.0 189.2 0.0 170.1 10.1 926.1 756.7 3.0 34.4 
190.3 0.0 125.2 161.9 9.9 1088.1 802.6 100.0 40.39 
342.0 38.0 0.0 228.0 0.0 932.0 670.0 365.0 56.14 
275.1 0.0 121.4 159.5 9.9 1053.6 777.5 3.0 23.8 
213.5 0.0 174.2 154.6 11.7 1052.3 775.5 100.0 59.3 
190.7 0.0 125.4 162.1 7.8 1090.0 804.0 3.0 15.04 
166.8 250.2 0.0 203.5 0.0 975.6 692.6 90.0 43.57 
349.0 0.0 0.0 192.0 0.0 1056.0 809.0 3.0 15.87 
249.1 0.0 98.8 158.1 12.8 987.8 889.0 3.0 15.36 
167.0 75.4 167.0 164.0 7.9 1007.3 770.1 3.0 15.52 
160.0 250.0 0.0 168.0 12.0 1049.0 688.0 28.0 39.45 
238.1 0.0 94.1 186.7 7.0 949.9 847.0 14.0 25.69 
202.0 11.0 141.0 206.0 1.7 942.0 801.0 28.0 21.97 
222.4 0.0 96.7 189.3 4.5 967.1 870.3 56.0 29.45 
289.0 0.0 0.0 192.0 0.0 913.2 895.3 28.0 25.57 
475.0 0.0 0.0 228.0 0.0 932.0 594.0 90.0 42.23 
331.0 0.0 0.0 192.0 0.0 1025.0 821.0 90.0 37.91 
236.0 0.0 0.0 193.0 0.0 968.0 885.0 365.0 25.08 
313.3 262.2 0.0 175.5 8.6 1046.9 611.8 91.0 66.6 
277.0 0.0 0.0 191.0 0.0 968.0 856.0 180.0 32.33 
500.0 0.0 0.0 200.0 0.0 1125.0 613.0 90.0 47.22 
331.0 0.0 0.0 192.0 0.0 978.0 825.0 28.0 31.45 
288.0 192.0 0.0 192.0 0.0 932.0 717.8 28.0 38.8 
200.0 0.0 0.0 180.0 0.0 1125.0 845.0 7.0 7.84 
151.0 0.0 184.0 167.0 12.0 991.0 772.0 28.0 15.57 
236.9 91.7 71.5 246.9 6.0 852.9 695.4 28.0 28.63 
325.0 0.0 0.0 184.0 0.0 1063.0 783.0 28.0 30.57 
