388.6 97.1 0.0 157.9 12.1 852.1 925.7 56.0 55.2 
212.0 0.0 124.8 159.0 7.8 1085.4 799.5 14.0 31.35 
181.9 272.8 0.0 185.7 0.0 1012.4 714.3 28.0 27.94 
401.8 94.7 0.0 147.4 11.4 946.8 852.1 56.0 73.7 
362.6 189.0 0.0 164.9 11.6 944.7 755.8 3.0 35.3 
380.0 0.0 0.0 228.0 0.0 932.0 670.0 270.0 53.3 
155.0 0.0 143.0 193.0 9.0 877.0 868.0 28.0 9.74 
155.0 183.0 0.0 193.0 9.0 1047.0 697.0 28.0 18.28 
200.0 0.0 0.0 180.0 0.0 1125.0 845.0 7.0 7.84 
525.0 0.0 0.0 189.0 0.0 1125.0 613.0 3.0 33.8 
250.0 0.0 95.7 187.4 5.5 956.9 861.2 28.0 29.22 
213.5 0.0 174.2 159.2 11.7 1043.6 771.9 3.0 15.61 
166.0 260.0 0.0 183.0 13.0 859.0 827.0 28.0 37.91 
277.0 0.0 0.0 191.0 0.0 968.0 856.0 90.0 31.25 
397.0 0.0 0.0 186.0 0.0 1040.0 734.0 28.0 36.94 
376.0 0.0 0.0 214.6 0.0 1003.5 762.4 14.0 25.62 
250.0 0.0 95.7 187.4 5.5 956.9 861.2 14.0 24.92 
316.1 210.7 0.0 185.7 0.0 977.0 689.3 7.0 24.44 
255.0 0.0 0.0 192.0 0.0 889.8 945.0 7.0 10.22 
159.0 187.0 0.0 176.0 11.0 990.0 789.0 28.0 32.76 
237.0 92.0 71.0 247.0 6.0 853.0 695.0 28.0 28.63 
173.0 116.0 0.0 192.0 0.0 946.8 856.8 90.0 32.1 
400.0 0.0 0.0 187.0 0.0 1025.0 745.0 7.0 30.14 
439.0 177.0 0.0 186.0 11.1 884.9 707.9 28.0 66.0 
233.8 0.0 94.6 197.9 4.6 947.0 852.2 56.0 27.66 
310.0 143.0 111.0 168.0 22.0 914.0 651.0 28.0 33.69 
251.4 0.0 118.3 192.9 5.8 1043.6 754.3 100.0 40.15 
290.2 193.5 0.0 185.7 0.0 998.2 704.3 7.0 21.86 
376.0 0.0 0.0 214.6 0.0 1003.5 762.4 100.0 43.06 
210.7 316.1 0.0 185.7 0.0 977.0 689.3 28.0 37.81 
290.2 193.5 0.0 185.7 0.0 998.2 704.3 28.0 33.04 
339.0 0.0 0.0 197.0 0.0 968.0 781.0 365.0 38.89 
231.8 0.0 121.6 174.0 6.7 1056.4 778.5 28.0 33.73 
168.9 42.2 124.3 158.3 10.8 1080.8 796.2 28.0 31.12 
231.8 0.0 121.6 174.0 6.7 1056.4 778.5 3.0 15.44 
212.5 0.0 100.4 159.3 8.7 1007.8 903.6 100.0 42.92 
212.0 141.3 0.0 203.5 0.0 973.4 750.0 90.0 39.7 
160.0 188.0 146.0 203.0 11.0 829.0 710.0 28.0 32.84 
154.8 183.4 0.0 193.3 9.1 877.2 867.7 28.0 23.79 
425.0 106.3 0.0 153.5 16.5 852.1 887.1 3.0 33.4 
331.0 0.0 0.0 192.0 0.0 1025.0 821.0 90.0 37.91 
153.0 102.0 0.0 192.0 0.0 888.0 943.1 3.0 4.78 
194.7 0.0 100.5 170.2 7.5 998.0 901.8 14.0 24.28 
516.0 0.0 0.0 162.0 8.3 801.0 802.0 28.0 41.37 
531.3 0.0 0.0 141.8 28.2 852.1 893.7 3.0 41.3 
140.0 133.0 103.0 200.0 7.0 916.0 753.0 28.0 36.44 
164.2 0.0 200.1 181.2 12.6 849.3 846.0 28.0 15.09 
323.7 282.8 0.0 183.8 10.3 942.7 659.9 3.0 28.3 
234.0 156.0 0.0 189.0 5.9 981.0 760.0 28.0 39.3 
162.0 190.1 148.1 178.8 18.8 838.1 741.4 28.0 33.76 
446.0 24.0 79.0 162.0 11.6 967.0 712.0 7.0 38.02 
168.0 42.1 163.8 121.8 5.7 1058.7 780.1 14.0 17.82 
153.0 102.0 0.0 192.0 0.0 888.0 943.1 7.0 8.37 
277.2 97.8 24.5 160.7 11.2 1061.7 782.5 3.0 30.45 
249.1 0.0 98.8 158.1 12.8 987.8 889.0 28.0 30.85 
133.0 210.0 0.0 196.0 3.0 949.0 795.0 28.0 31.03 
190.0 190.0 0.0 228.0 0.0 932.0 670.0 270.0 50.66 
389.9 189.0 0.0 145.9 22.0 944.7 755.8 56.0 79.4 
289.0 0.0 0.0 192.0 0.0 913.2 895.3 7.0 14.6 
336.5 0.0 0.0 181.9 3.4 985.8 816.8 28.0 44.87 
252.0 0.0 0.0 185.0 0.0 1111.0 784.0 28.0 19.69 
212.0 0.0 124.8 159.0 7.8 1085.4 799.5 56.0 45.08 
108.3 162.4 0.0 203.5 0.0 938.2 849.0 3.0 2.33 
531.3 0.0 0.0 141.8 28.2 852.1 893.7 7.0 46.9 
155.6 243.5 0.0 180.3 10.7 1022.0 697.7 28.0 37.36 
469.0 117.2 0.0 137.8 32.2 852.1 840.5 28.0 66.9 
190.3 0.0 125.2 161.9 9.9 1088.1 802.6 56.0 38.56 
212.0 0.0 124.8 159.0 7.8 1085.4 799.5 28.0 38.5 
212.1 0.0 121.6 180.3 5.7 1057.6 779.3 3.0 12.47 
172.4 13.6 172.4 156.8 4.1 1006.3 856.4 14.0 29.75 
246.8 0.0 125.1 143.3 12.0 1086.8 800.9 28.0 52.5 
480.0 0.0 0.0 192.0 0.0 936.0 721.0 28.0 43.89 
277.2 97.8 24.5 160.7 11.2 1061.7 782.5 56.0 66.82 
273.0 105.0 82.0 210.0 9.0 904.0 680.0 28.0 37.17 
469.0 117.2 0.0 137.8 32.2 852.1 840.5 3.0 40.2 
152.0 178.0 139.0 168.0 18.0 944.0 695.0 28.0 36.35 
295.7 0.0 95.6 171.5 8.9 955.1 859.2 28.0 39.94 
133.0 200.0 0.0 192.0 0.0 927.4 839.2 28.0 27.87 
213.8 98.1 24.5 181.7 6.7 1066.0 785.5 100.0 49.97 
480.0 0.0 0.0 192.0 0.0 936.0 721.0 90.0 54.28 
355.0 19.0 97.0 145.0 13.1 967.0 871.0 28.0 44.03 
436.0 0.0 0.0 218.0 0.0 838.4 719.7 28.0 23.85 
190.7 0.0 125.4 162.1 7.8 1090.0 804.0 56.0 35.34 
385.0 0.0 0.0 186.0 0.0 966.0 763.0 3.0 14.7 
332.5 142.5 0.0 228.0 0.0 932.0 594.0 365.0 41.05 
151.0 0.0 185.0 167.0 16.0 1074.0 678.0 28.0 13.46 
424.0 22.0 132.0 168.0 8.9 822.0 750.0 3.0 32.11 
251.4 0.0 118.3 188.5 6.4 1028.4 757.7 14.0 24.43 
213.7 98.1 24.5 181.7 6.9 1065.8 785.4 28.0 45.71 
182.0 45.2 122.0 170.2 8.2 1059.4 780.7 3.0 7.32 
382.0 0.0 0.0 185.0 0.0 1047.0 739.0 28.0 37.42 
331.0 0.0 0.0 192.0 0.0 1025.0 821.0 28.0 31.74 
135.0 0.0 166.0 180.0 10.0 961.0 805.0 28.0 13.29 
254.0 0.0 0.0 198.0 0.0 968.0 863.0 3.0 9.31 
214.9 53.8 121.9 155.6 9.6 1014.3 780.6 14.0 38.6 
155.0 183.0 0.0 193.0 9.0 877.0 868.0 28.0 23.79 
475.0 118.8 0.0 181.1 8.9 852.1 781.5 7.0 55.6 
304.0 140.0 0.0 214.0 6.0 895.0 722.0 28.0 33.42 
260.0 101.0 78.0 171.0 10.0 936.0 763.0 28.0 49.77 
255.3 98.8 77.0 188.6 6.5 919.0 749.3 28.0 33.8 
250.2 166.8 0.0 203.5 0.0 977.6 694.1 3.0 9.73 
237.5 237.5 0.0 228.0 0.0 932.0 594.0 180.0 36.25 
181.4 0.0 167.0 169.6 7.6 1055.6 777.8 100.0 45.37 
147.0 115.0 89.0 202.0 9.0 860.0 829.0 28.0 19.99 
252.5 0.0 0.0 185.7 0.0 1111.6 784.3 28.0 19.77 
385.0 0.0 0.0 186.0 0.0 966.0 763.0 7.0 23.22 
250.2 166.8 0.0 203.5 0.0 977.6 694.1 90.0 47.71 
310.0 0.0 0.0 192.0 0.0 970.0 850.0 180.0 37.33 
450.1 50.0 0.0 200.0 3.0 1124.4 613.2 28.0 39.38 
160.0 128.0 122.0 182.0 6.4 824.0 879.0 28.0 39.4 
143.6 0.0 174.9 158.4 17.9 942.7 844.5 28.0 15.42 
236.0 0.0 0.0 194.0 0.0 968.0 885.0 14.0 12.84 
193.5 290.2 0.0 185.7 0.0 998.2 704.3 7.0 17.2 
164.0 0.0 200.0 181.0 13.0 849.0 846.0 28.0 15.09 
194.7 0.0 100.5 165.6 7.5 1006.4 905.9 100.0 37.34 
389.9 189.0 0.0 145.9 22.0 944.7 755.8 91.0 82.6 
446.0 24.0 79.0 162.0 11.6 967.0 712.0 56.0 55.25 
286.3 200.9 0.0 144.7 11.2 1004.6 803.7 91.0 76.8 
202.0 11.0 141.0 206.0 1.7 942.0 801.0 28.0 21.97 
382.5 0.0 0.0 185.7 0.0 1047.8 739.3 28.0 37.44 
375.0 0.0 0.0 186.0 0.0 1038.0 758.0 28.0 38.21 
425.0 106.3 0.0 151.4 18.6 936.0 803.7 28.0 61.8 
362.6 189.0 0.0 164.9 11.6 944.7 755.8 28.0 71.3 
251.4 0.0 118.3 188.5 5.8 1028.4 757.7 14.0 29.93 
389.9 189.0 0.0 145.9 22.0 944.7 755.8 3.0 40.6 
136.0 162.0 126.0 172.0 10.0 923.0 764.0 28.0 29.07 
405.0 0.0 0.0 175.0 0.0 1120.0 695.0 28.0 52.3 
350.0 0.0 0.0 203.0 0.0 974.0 775.0 90.0 31.35 
213.5 0.0 174.2 159.2 11.7 1043.6 771.9 100.0 52.96 
317.9 0.0 126.5 209.7 5.7 860.5 736.6 28.0 40.06 
339.0 0.0 0.0 197.0 0.0 968.0 781.0 3.0 13.22 
190.3 0.0 125.2 161.9 9.9 1088.1 802.6 3.0 9.45 
302.0 0.0 0.0 203.0 0.0 974.0 817.0 14.0 18.13 
280.0 129.0 100.0 172.0 9.0 825.0 805.0 28.0 52.82 
203.5 305.3 0.0 203.5 0.0 963.4 630.0 28.0 41.68 
349.0 0.0 0.0 192.0 0.0 1047.0 806.0 28.0 32.72 
286.3 200.9 0.0 144.7 11.2 1004.6 803.7 56.0 72.99 
276.4 116.0 90.3 179.6 8.9 870.1 768.3 28.0 44.28 
218.9 0.0 124.1 158.5 11.3 1078.7 794.9 56.0 37.27 
382.5 0.0 0.0 185.7 0.0 1047.8 739.3 7.0 24.07 
182.0 45.2 122.0 170.2 8.2 1059.4 780.7 14.0 21.5 
284.0 15.0 141.0 179.0 5.5 842.0 801.0 3.0 13.4 
251.4 0.0 118.3 192.9 5.8 1043.6 754.3 14.0 20.73 
393.0 0.0 0.0 192.0 0.0 940.0 758.0 3.0 19.11 
186.2 124.1 0.0 185.7 0.0 1083.4 764.3 28.0 17.6 
229.7 0.0 118.2 195.2 6.1 1028.1 757.6 14.0 22.32 
446.0 24.0 79.0 162.0 10.3 967.0 712.0 56.0 54.77 
375.0 93.8 0.0 126.6 23.4 852.1 992.6 3.0 29.0 
252.0 0.0 0.0 185.0 0.0 1111.0 784.0 28.0 19.69 
322.0 0.0 0.0 203.0 0.0 974.0 800.0 28.0 25.18 
331.0 0.0 0.0 192.0 0.0 1025.0 821.0 7.0 17.44 
228.0 342.1 0.0 185.7 0.0 955.8 674.3 28.0 39.7 
233.8 0.0 94.6 197.9 4.6 947.0 852.2 100.0 34.56 
233.8 0.0 94.6 197.9 4.6 947.0 852.2 28.0 22.84 
236.0 0.0 0.0 194.0 0.0 968.0 885.0 3.0 6.47 
212.0 141.3 0.0 203.5 0.0 973.4 750.0 3.0 6.81 
157.0 236.0 0.0 192.0 0.0 935.4 781.2 3.0 9.69 
305.3 203.5 0.0 203.5 0.0 965.4 631.0 90.0 54.6 
145.9 230.5 0.0 202.5 3.4 827.0 871.8 28.0 32.72 
135.7 203.5 0.0 185.7 0.0 1076.2 759.3 28.0 18.2 
525.0 0.0 0.0 189.0 0.0 1125.0 613.0 7.0 42.42 
213.5 0.0 174.2 154.6 11.7 1052.3 775.5 14.0 33.7 
290.4 0.0 96.2 168.1 9.4 961.2 865.0 3.0 22.5 
362.6 189.0 0.0 164.9 11.6 944.7 755.8 7.0 22.9 
333.0 0.0 0.0 192.0 0.0 931.2 842.6 3.0 15.62 
520.0 0.0 0.0 175.0 5.2 870.0 805.0 28.0 51.02 
250.2 166.8 0.0 203.5 0.0 977.6 694.1 28.0 36.96 
143.0 169.4 142.7 190.7 8.4 967.4 643.5 28.0 29.73 
359.0 19.0 141.0 154.0 10.9 942.0 801.0 56.0 66.78 
218.9 0.0 124.1 158.5 11.3 1078.7 794.9 28.0 30.22 
312.7 0.0 0.0 178.1 8.0 999.7 822.2 28.0 25.1 
298.0 0.0 107.0 210.0 11.0 880.0 744.0 28.0 31.87 
236.0 0.0 0.0 193.0 0.0 968.0 885.0 180.0 24.1 
276.0 116.0 90.0 180.0 9.0 870.0 768.0 28.0 44.28 
540.0 0.0 0.0 173.0 0.0 1125.0 613.0 180.0 71.62 
446.0 24.0 79.0 162.0 10.3 967.0 712.0 28.0 53.39 
212.5 0.0 100.4 159.3 8.7 1007.8 903.6 56.0 42.55 
401.8 94.7 0.0 147.4 11.4 946.8 852.1 91.0 75.5 
289.0 0.0 0.0 192.0 0.0 913.2 895.3 3.0 11.65 
389.9 189.0 0.0 145.9 22.0 944.7 755.8 28.0 74.5 
388.6 97.1 0.0 157.9 12.1 852.1 925.7 28.0 50.7 
140.0 164.0 128.0 237.0 6.0 869.0 656.0 28.0 35.23 
297.2 0.0 117.5 174.8 9.5 1022.8 753.5 100.0 56.74 
290.4 0.0 96.2 168.1 9.4 961.2 865.0 56.0 45.08 
222.4 0.0 96.7 189.3 4.5 967.1 870.3 28.0 24.89 
446.0 24.0 79.0 162.0 11.6 967.0 712.0 28.0 51.02 
194.7 0.0 100.5 165.6 7.5 1006.4 905.9 28.0 25.72 
401.8 94.7 0.0 147.4 11.4 946.8 852.1 7.0 54.1 
337.9 189.0 0.0 174.9 9.5 944.7 755.8 3.0 24.1 
326.5 0.0 137.9 199.0 10.8 801.1 792.5 28.0 38.63 
246.8 0.0 125.1 143.3 12.0 1086.8 800.9 100.0 66.42 
285.0 190.0 0.0 163.0 7.6 1031.0 685.0 28.0 53.58 
159.1 186.7 0.0 175.6 11.3 989.6 788.9 28.0 32.77 
334.0 17.6 158.0 189.0 15.3 967.0 633.0 28.0 44.33 
190.0 190.0 0.0 228.0 0.0 932.0 670.0 180.0 46.93 
485.0 0.0 0.0 146.0 0.0 1120.0 800.0 28.0 71.99 
212.0 141.3 0.0 203.5 0.0 973.4 750.0 28.0 33.0 
339.0 0.0 0.0 185.0 0.0 1060.0 754.0 28.0 31.65 
190.7 0.0 125.4 162.1 7.8 1090.0 804.0 100.0 40.57 
362.6 189.0 0.0 164.9 11.6 944.7 755.8 7.0 55.9 
376.0 0.0 0.0 214.6 0.0 1003.5 762.4 28.0 31.97 
375.0 93.8 0.0 126.6 23.4 852.1 992.6 56.0 60.2 
374.0 189.2 0.0 170.1 10.1 926.1 756.7 7.0 46.2 
275.1 0.0 121.4 159.5 9.9 1053.6 777.5 28.0 51.33 
157.0 236.0 0.0 192.0 0.0 935.4 781.2 28.0 33.66 
190.3 0.0 125.2 161.9 9.9 1088.1 802.6 14.0 22.72 
491.0 26.0 123.0 210.0 3.9 882.0 699.0 3.0 25.61 
359.0 19.0 141.0 154.0 10.9 942.0 801.0 28.0 59.49 
318.8 212.5 0.0 155.7 14.3 852.1 880.4 28.0 55.5 
277.0 0.0 0.0 191.0 0.0 968.0 856.0 3.0 11.36 
165.0 0.0 143.6 163.8 0.0 1005.6 900.9 3.0 14.4 
144.0 170.0 133.0 192.0 8.0 814.0 805.0 28.0 29.87 
102.0 153.0 0.0 192.0 0.0 887.0 942.0 90.0 25.46 
427.5 47.5 0.0 228.0 0.0 932.0 594.0 365.0 43.7 
183.9 122.6 0.0 203.5 0.0 959.2 800.0 7.0 10.79 
250.0 0.0 95.7 191.8 5.3 948.9 857.2 28.0 27.22 
339.2 0.0 0.0 185.7 0.0 1069.2 754.3 7.0 21.18 
160.2 188.0 146.4 203.2 11.3 828.7 709.7 28.0 35.31 
400.0 0.0 0.0 187.0 0.0 1025.0 745.0 28.0 43.7 
313.3 262.2 0.0 175.5 8.6 1046.9 611.8 91.0 66.6 
424.0 22.0 132.0 168.0 8.9 822.0 750.0 7.0 40.29 
318.0 0.0 126.0 210.0 6.0 861.0 737.0 28.0 40.06 
277.2 97.8 24.5 160.7 11.2 1061.7 782.5 100.0 66.95 
362.6 189.0 0.0 164.9 11.6 944.7 755.8 56.0 77.3 
305.0 0.0 100.0 196.0 10.0 959.0 705.0 28.0 30.12 
167.4 129.9 128.6 175.5 7.8 1006.3 746.6 28.0 41.2 
284.0 15.0 141.0 179.0 5.5 842.0 801.0 28.0 43.73 
531.3 0.0 0.0 141.8 28.2 852.1 893.7 28.0 56.4 
491.0 26.0 123.0 201.0 3.9 822.0 699.0 56.0 61.86 
102.0 153.0 0.0 192.0 0.0 887.0 942.0 3.0 4.57 
362.6 189.0 0.0 164.9 11.6 944.7 755.8 3.0 35.3 
439.0 177.0 0.0 186.0 11.1 884.9 707.9 91.0 73.3 
296.0 0.0 0.0 192.0 0.0 1085.0 765.0 90.0 29.39 
387.0 20.0 94.0 157.0 14.3 938.0 845.0 7.0 36.84 
172.4 13.6 172.4 156.8 4.1 1006.3 856.4 56.0 35.85 
297.0 0.0 0.0 186.0 0.0 1040.0 734.0 7.0 30.96 
135.0 105.0 193.0 196.0 6.0 965.0 643.0 28.0 21.91 
469.0 117.2 0.0 137.8 32.2 852.1 840.5 91.0 70.7 
500.0 0.0 0.0 200.0 0.0 1125.0 613.0 90.0 47.22 
531.3 0.0 0.0 141.8 28.2 852.1 893.7 56.0 58.8 
427.5 47.5 0.0 228.0 0.0 932.0 594.0 7.0 35.08 
213.7 98.1 24.5 181.7 6.9 1065.8 785.4 14.0 30.39 
323.7 282.8 0.0 183.8 10.3 942.7 659.9 56.0 80.2 
166.1 0.0 163.3 176.5 4.5 1058.6 780.1 28.0 21.54 
333.0 0.0 0.0 192.0 0.0 931.2 842.6 28.0 31.97 
349.0 0.0 0.0 192.0 0.0 1056.0 809.0 7.0 9.01 
238.1 0.0 0.0 185.7 0.0 1118.8 789.3 7.0 10.34 
236.0 157.0 0.0 192.0 0.0 972.6 749.1 28.0 32.88 
156.0 243.0 0.0 180.0 11.0 1022.0 698.0 28.0 37.36 
237.5 237.5 0.0 228.0 0.0 932.0 594.0 90.0 33.12 
475.0 0.0 0.0 228.0 0.0 932.0 594.0 90.0 42.23 
212.6 0.0 100.4 159.4 10.4 1003.8 903.8 100.0 47.74 
173.8 93.4 159.9 172.3 9.7 1007.2 746.6 100.0 50.94 
288.0 192.0 0.0 192.0 0.0 932.0 717.8 28.0 38.8 
165.0 0.0 143.6 163.8 0.0 1005.6 900.9 56.0 36.56 
158.6 148.9 116.0 175.1 15.0 953.3 719.7 28.0 27.68 
181.4 0.0 167.0 169.6 7.6 1055.6 777.8 56.0 35.57 
144.8 0.0 133.6 180.8 11.1 979.5 811.5 28.0 13.2 
132.0 207.0 161.0 179.0 5.0 867.0 736.0 28.0 33.3 
379.5 151.2 0.0 153.9 15.9 1134.3 605.0 3.0 28.6 
155.2 183.9 143.2 193.8 9.2 879.6 698.5 28.0 28.99 
500.1 0.0 0.0 200.0 3.0 1124.4 613.2 28.0 44.13 
304.0 76.0 0.0 228.0 0.0 932.0 670.0 28.0 47.81 
213.5 0.0 174.2 154.6 11.7 1052.3 775.5 100.0 59.3 
173.8 93.4 159.9 172.3 9.7 1007.2 746.6 14.0 29.55 
238.0 0.0 0.0 185.0 0.0 1118.0 789.0 28.0 17.54 
355.9 0.0 141.6 193.3 11.0 801.4 778.4 28.0 40.87 
310.0 0.0 0.0 192.0 0.0 1012.0 830.0 7.0 17.24 
349.0 0.0 0.0 192.0 0.0 1056.0 809.0 3.0 15.87 
134.7 0.0 165.7 180.2 10.0 961.0 804.9 28.0 13.29 
425.0 106.3 0.0 153.5 16.5 852.1 887.1 7.0 49.2 
184.0 86.0 190.0 213.0 6.0 923.0 623.0 28.0 22.93 
424.0 22.0 132.0 168.0 8.9 822.0 750.0 28.0 72.1 
252.3 0.0 98.8 146.3 14.2 987.8 889.0 14.0 42.29 
153.0 145.0 113.0 178.0 8.0 867.0 824.0 28.0 26.23 
203.5 135.7 0.0 185.7 0.0 1076.2 759.3 28.0 22.63 
251.4 0.0 118.3 188.5 6.4 1028.4 757.7 100.0 44.21 
198.6 132.4 0.0 192.0 0.0 978.4 825.5 360.0 44.3 
525.0 0.0 0.0 189.0 0.0 1125.0 613.0 180.0 61.92 
237.5 237.5 0.0 228.0 0.0 932.0 594.0 28.0 30.08 
154.8 0.0 142.8 193.3 9.1 877.2 867.7 28.0 9.74 
157.0 236.0 0.0 192.0 0.0 935.4 781.2 90.0 43.38 
170.3 155.5 0.0 185.7 0.0 1026.6 724.3 7.0 10.73 
387.0 20.0 94.0 157.0 13.9 938.0 845.0 7.0 45.9 
152.0 0.0 112.0 184.0 8.0 992.0 816.0 28.0 12.18 
425.0 106.3 0.0 153.5 16.5 852.1 887.1 3.0 33.4 
213.7 98.1 24.5 181.7 6.9 1065.8 785.4 100.0 53.9 
116.0 173.0 0.0 192.0 0.0 909.8 891.9 90.0 31.02 
202.0 11.0 141.0 206.0 1.7 942.0 801.0 56.0 23.25 
379.5 151.2 0.0 153.9 15.9 1134.3 605.0 91.0 56.5 
203.5 135.7 0.0 185.7 0.0 1076.2 759.3 7.0 11.96 
190.0 190.0 0.0 228.0 0.0 932.0 670.0 28.0 40.86 
173.0 116.0 0.0 192.0 0.0 946.8 856.8 3.0 6.94 
166.8 250.2 0.0 203.5 0.0 975.6 692.6 7.0 15.75 
255.5 170.3 0.0 185.7 0.0 1026.6 724.3 7.0 17.24 
374.0 189.2 0.0 170.1 10.1 926.1 756.7 3.0 34.4 
233.8 0.0 94.6 197.9 4.6 947.0 852.2 3.0 10.38 
149.0 117.6 91.7 182.9 7.1 953.4 780.3 28.0 23.52 
359.0 19.0 141.0 154.0 10.9 942.0 801.0 28.0 62.94 
173.5 50.1 173.5 164.8 6.5 1006.2 793.5 3.0 23.08 
387.0 20.0 94.0 157.0 11.6 938.0 845.0 7.0 41.67 
181.4 0.0 167.0 169.6 7.6 1055.6 777.8 28.0 27.77 
154.0 174.0 185.0 228.0 7.0 845.0 612.0 28.0 24.34 
166.8 250.2 0.0 203.5 0.0 975.6 692.6 90.0 43.57 
229.7 0.0 118.2 195.2 6.1 1028.1 757.6 56.0 31.35 
310.0 0.0 0.0 192.0 0.0 971.0 850.6 3.0 9.87 
427.5 47.5 0.0 228.0 0.0 932.0 594.0 90.0 41.54 
165.0 128.5 132.1 175.1 8.1 1005.8 746.6 14.0 33.09 
141.3 212.0 0.0 203.5 0.0 971.8 748.5 90.0 39.66 
214.9 53.8 121.9 155.6 9.6 1014.3 780.6 100.0 56.63 
198.6 132.4 0.0 192.0 0.0 978.4 825.5 28.0 28.02 
296.0 0.0 106.7 221.4 10.5 819.2 778.4 28.0 31.42 
500.0 0.0 0.0 140.0 4.0 966.0 853.0 28.0 67.57 
139.6 209.4 0.0 192.0 0.0 1047.0 806.9 28.0 28.24 
212.0 0.0 124.8 159.0 7.8 1085.4 799.5 3.0 19.52 
425.0 106.3 0.0 153.5 16.5 852.1 887.1 7.0 49.2 
135.7 203.5 0.0 185.7 0.0 1076.2 759.3 7.0 7.51 
304.0 76.0 0.0 228.0 0.0 932.0 670.0 270.0 54.38 
144.0 136.0 106.0 178.0 7.0 941.0 774.0 28.0 26.14 
230.0 0.0 118.3 195.5 4.6 1029.4 758.6 14.0 20.08 
540.0 0.0 0.0 162.0 2.5 1055.0 676.0 28.0 61.89 
236.9 91.7 71.5 246.9 6.0 852.9 695.4 28.0 28.63 
166.1 0.0 163.3 176.5 4.5 1058.6 780.1 56.0 28.63 
122.6 183.9 0.0 203.5 0.0 958.2 800.1 28.0 24.29 
349.0 0.0 0.0 192.0 0.0 1047.0 806.0 360.0 42.13 
393.0 0.0 0.0 192.0 0.0 940.0 758.0 90.0 48.79 
194.7 0.0 100.5 170.2 7.5 998.0 901.8 56.0 43.39 
540.0 0.0 0.0 173.0 0.0 1125.0 613.0 3.0 41.64 
331.0 0.0 0.0 192.0 0.0 978.0 825.0 28.0 31.45 
252.3 0.0 98.8 146.3 14.2 987.8 889.0 100.0 60.95 
250.0 180.0 95.0 159.0 9.5 860.0 800.0 28.0 67.87 
142.0 167.0 130.0 174.0 11.0 883.0 785.0 28.0 44.61 
475.0 0.0 0.0 228.0 0.0 932.0 594.0 180.0 42.62 
332.5 142.5 0.0 228.0 0.0 932.0 594.0 270.0 40.27 
387.0 20.0 94.0 157.0 13.9 938.0 845.0 3.0 25.51 
314.0 145.0 113.0 179.0 8.0 869.0 690.0 28.0 46.23 
222.4 0.0 96.7 189.3 4.5 967.1 870.3 14.0 24.45 
143.0 169.0 143.0 191.0 8.0 967.0 643.0 28.0 29.72 
314.0 0.0 113.0 170.0 10.0 925.0 783.0 28.0 38.46 
356.0 0.0 142.0 193.0 11.0 801.0 778.0 28.0 40.87 
229.7 0.0 118.2 195.2 6.1 1028.1 757.6 28.0 24.54 
337.9 189.0 0.0 174.9 9.5 944.7 755.8 28.0 49.9 
173.8 93.4 159.9 172.3 9.7 1007.2 746.6 3.0 15.82 
381.4 0.0 0.0 185.7 0.0 1104.6 784.3 7.0 14.54 
289.0 0.0 0.0 192.0 0.0 913.2 895.3 90.0 32.07 
331.0 0.0 0.0 192.0 0.0 978.0 825.0 360.0 41.24 
295.7 0.0 95.6 171.5 8.9 955.1 859.2 3.0 22.95 
165.0 128.5 132.1 175.1 8.1 1005.8 746.6 100.0 55.02 
304.8 0.0 99.6 196.0 9.8 959.4 705.2 28.0 30.12 
307.0 0.0 0.0 193.0 0.0 968.0 812.0 90.0 32.92 
288.0 192.0 0.0 192.0 0.0 932.0 717.8 90.0 50.53 
300.0 0.0 120.0 212.0 10.0 878.0 728.0 28.0 23.84 
322.0 0.0 0.0 203.0 0.0 974.0 800.0 14.0 20.77 
198.6 132.4 0.0 192.0 0.0 978.4 825.5 90.0 38.07 
446.0 24.0 79.0 162.0 11.6 967.0 712.0 7.0 52.01 
310.0 142.8 0.0 167.9 10.0 914.3 804.0 28.0 45.3 
190.7 0.0 125.4 162.1 7.8 1090.0 804.0 3.0 15.04 
166.8 250.2 0.0 203.5 0.0 975.6 692.6 3.0 6.9 
389.9 189.0 0.0 145.9 22.0 944.7 755.8 7.0 59.09 
310.0 0.0 0.0 192.0 0.0 1012.0 830.0 28.0 27.83 
480.0 0.0 0.0 192.0 0.0 936.2 712.2 7.0 34.57 
230.0 0.0 118.3 195.5 4.6 1029.4 758.6 56.0 31.54 
190.3 0.0 125.2 166.6 9.9 1079.0 798.9 28.0 24.85 
212.5 0.0 100.4 159.3 8.7 1007.8 903.6 3.0 13.54 
246.8 0.0 125.1 143.3 12.0 1086.8 800.9 3.0 23.52 
236.0 0.0 0.0 193.0 0.0 968.0 885.0 7.0 9.99 
213.7 0.0 174.7 154.8 10.2 1053.5 776.4 28.0 40.15 
491.0 26.0 123.0 210.0 3.9 882.0 699.0 28.0 55.55 
298.2 0.0 107.0 209.7 11.1 879.6 744.2 28.0 31.88 
158.4 0.0 194.9 219.7 11.0 897.7 712.9 28.0 8.54 
312.7 144.7 0.0 127.3 8.0 999.7 822.2 28.0 44.52 
212.6 0.0 100.4 159.4 10.4 1003.8 903.8 3.0 13.33 
382.0 0.0 0.0 186.0 0.0 1047.0 739.0 28.0 37.42 
261.9 110.5 86.1 195.4 5.0 895.2 732.6 28.0 33.72 
313.0 0.0 0.0 178.0 8.0 1000.0 822.0 28.0 25.1 
200.0 133.0 0.0 192.0 0.0 965.4 806.2 28.0 30.44 
173.5 50.1 173.5 164.8 6.5 1006.2 793.5 100.0 56.06 
222.4 0.0 96.7 189.3 4.5 967.1 870.3 100.0 40.71 
272.8 181.9 0.0 185.7 0.0 1012.4 714.3 7.0 19.77 
321.0 0.0 128.0 182.0 11.0 870.0 780.0 28.0 37.26 
277.0 0.0 0.0 191.0 0.0 968.0 856.0 360.0 33.7 
139.7 163.9 127.7 236.7 5.8 868.6 655.6 28.0 35.23 
362.6 189.0 0.0 164.9 11.6 944.7 755.8 7.0 55.9 
251.4 0.0 118.3 188.5 6.4 1028.4 757.7 3.0 13.12 
252.3 0.0 98.8 146.3 14.2 987.8 889.0 3.0 21.78 
168.0 42.1 163.8 121.8 5.7 1058.7 780.1 28.0 24.24 
154.0 144.0 112.0 220.0 10.0 923.0 658.0 28.0 16.5 
153.1 145.0 113.0 178.5 8.0 867.2 824.0 28.0 26.23 
194.7 0.0 100.5 165.6 7.5 1006.4 905.9 56.0 33.96 
277.1 0.0 97.4 160.6 11.8 973.9 875.6 14.0 41.89 
281.0 0.0 0.0 186.0 0.0 1104.0 774.0 28.0 22.44 
108.3 162.4 0.0 203.5 0.0 938.2 849.0 28.0 20.59 
251.4 0.0 118.3 192.9 5.8 1043.6 754.3 28.0 33.27 
305.3 203.5 0.0 203.5 0.0 965.4 631.0 28.0 43.38 
281.0 0.0 0.0 185.0 0.0 1104.0 774.0 28.0 22.44 
136.4 161.6 125.8 171.6 10.4 922.6 764.4 28.0 29.07 
259.9 100.6 78.4 170.6 10.4 935.7 762.9 28.0 49.77 
255.0 99.0 77.0 189.0 6.0 919.0 749.0 28.0 33.8 
350.0 0.0 0.0 186.0 0.0 1050.0 770.0 28.0 34.29 
339.0 0.0 0.0 197.0 0.0 968.0 781.0 90.0 35.17 
379.5 151.2 0.0 153.9 15.9 1134.3 605.0 7.0 47.1 
143.7 170.2 132.6 191.6 8.5 814.1 805.3 28.0 29.87 
250.0 0.0 95.7 187.4 5.5 956.9 861.2 3.0 13.82 
393.0 0.0 0.0 192.0 0.0 940.6 785.6 28.0 39.6 
212.5 0.0 100.4 159.3 8.7 1007.8 903.6 28.0 31.64 
475.0 0.0 59.0 142.0 1.9 1098.0 641.0 28.0 57.23 
164.0 163.0 128.0 197.0 8.0 961.0 641.0 28.0 27.23 
342.0 38.0 0.0 228.0 0.0 932.0 670.0 90.0 50.46 
425.0 106.3 0.0 153.5 16.5 852.1 887.1 56.0 64.3 
251.8 0.0 99.9 146.1 12.4 1006.0 899.8 3.0 21.02 
266.0 114.0 0.0 228.0 0.0 932.0 670.0 270.0 51.73 
220.8 147.2 0.0 185.7 0.0 1055.0 744.3 28.0 25.75 
500.0 0.0 0.0 200.0 0.0 1125.0 613.0 14.0 36.94 
332.5 142.5 0.0 228.0 0.0 932.0 594.0 180.0 39.78 
251.8 0.0 99.9 146.1 12.4 1006.0 899.8 100.0 45.37 
325.6 166.4 0.0 174.0 8.9 881.6 790.0 28.0 61.24 
380.0 0.0 0.0 228.0 0.0 932.0 670.0 180.0 53.1 
198.6 132.4 0.0 192.0 0.0 978.4 825.5 180.0 41.72 
528.0 0.0 0.0 185.0 6.9 920.0 720.0 28.0 56.83 
149.5 236.0 0.0 175.8 12.6 846.8 892.7 28.0 32.96 
393.0 0.0 0.0 192.0 0.0 940.6 785.6 7.0 27.74 
183.9 122.6 0.0 203.5 0.0 959.2 800.0 3.0 4.9 
238.0 0.0 0.0 186.0 0.0 1119.0 789.0 28.0 17.54 
446.0 24.0 79.0 162.0 11.6 967.0 712.0 56.0 61.07 
166.1 0.0 163.3 176.5 4.5 1058.6 780.1 3.0 10.76 
225.0 0.0 0.0 181.0 0.0 1113.0 833.0 28.0 17.34 
236.0 0.0 0.0 193.0 0.0 968.0 885.0 365.0 25.08 
250.2 166.8 0.0 203.5 0.0 977.6 694.1 7.0 19.35 
491.0 26.0 123.0 201.0 3.9 822.0 699.0 28.0 57.92 
505.0 0.0 60.0 195.0 0.0 1030.0 630.0 28.0 64.02 
300.0 0.0 0.0 184.0 0.0 1075.0 795.0 28.0 26.85 
186.2 124.1 0.0 185.7 0.0 1083.4 764.3 7.0 8.0 
141.3 212.0 0.0 203.5 0.0 971.8 748.5 3.0 4.83 
325.0 0.0 0.0 184.0 0.0 1063.0 783.0 28.0 30.57 
277.0 0.0 0.0 191.0 0.0 968.0 856.0 28.0 25.97 
153.0 145.0 0.0 178.0 8.0 1000.0 822.0 28.0 19.01 
388.6 97.1 0.0 157.9 12.1 852.1 925.7 3.0 28.1 
350.0 0.0 0.0 203.0 0.0 974.0 775.0 7.0 18.13 
401.8 94.7 0.0 147.4 11.4 946.8 852.1 3.0 41.1 
425.0 106.3 0.0 153.5 16.5 852.1 887.1 91.0 65.2 
289.0 134.0 0.0 195.0 6.0 924.0 760.0 28.0 46.24 
310.0 0.0 0.0 192.0 0.0 1012.0 830.0 90.0 35.76 
212.1 0.0 121.6 180.3 5.7 1057.6 779.3 28.0 24.9 
349.0 0.0 0.0 192.0 0.0 1047.0 806.0 180.0 41.05 
397.0 0.0 0.0 185.7 0.0 1040.6 734.3 28.0 33.08 
393.0 0.0 0.0 192.0 0.0 940.6 785.6 90.0 48.85 
272.8 105.1 81.8 209.7 9.0 904.0 679.7 28.0 37.17 
182.0 45.2 122.0 170.2 8.2 1059.4 780.7 56.0 43.5 
212.5 0.0 100.4 159.3 8.7 1007.8 903.6 14.0 26.31 
480.0 0.0 0.0 192.0 0.0 936.2 712.2 28.0 43.94 
273.0 0.0 90.0 199.0 11.0 931.0 762.0 28.0 32.24 
173.0 116.0 0.0 192.0 0.0 946.8 856.8 28.0 24.28 
141.3 212.0 0.0 203.5 0.0 971.8 748.5 28.0 29.89 
318.8 212.5 0.0 155.7 14.3 852.1 880.4 7.0 33.4 
213.7 0.0 174.7 154.8 10.2 1053.5 776.4 14.0 33.73 
288.0 192.0 0.0 192.0 0.0 932.0 717.8 7.0 23.52 
318.8 212.5 0.0 155.7 14.3 852.1 880.4 3.0 25.2 
218.2 54.6 123.8 140.8 11.9 1075.7 792.7 14.0 35.96 
218.2 54.6 123.8 140.8 11.9 1075.7 792.7 28.0 55.51 
475.0 118.8 0.0 181.1 8.9 852.1 781.5 56.0 72.3 
133.1 210.2 0.0 195.7 3.1 949.4 795.3 28.0 28.94 
122.6 183.9 0.0 203.5 0.0 958.2 800.1 90.0 33.19 
167.4 129.9 128.6 175.5 7.8 1006.3 746.6 3.0 14.94 
322.0 0.0 116.0 196.0 10.0 818.0 813.0 28.0 31.18 
145.0 0.0 179.0 202.0 8.0 824.0 869.0 28.0 10.54 
181.4 0.0 167.0 169.6 7.6 1055.6 777.8 14.0 21.6 
522.0 0.0 0.0 146.0 0.0 896.0 896.0 7.0 50.51 
298.1 0.0 107.5 163.6 12.8 953.2 784.0 28.0 35.87 
385.0 0.0 0.0 186.0 0.0 966.0 763.0 1.0 6.27 
190.3 0.0 125.2 161.9 9.9 1088.1 802.6 28.0 28.47 
238.2 158.8 0.0 185.7 0.0 1040.6 734.3 28.0 26.91 
295.7 0.0 95.6 171.5 8.9 955.1 859.2 56.0 48.72 
362.6 189.0 0.0 164.9 11.6 944.7 755.8 56.0 77.3 
254.0 0.0 0.0 198.0 0.0 968.0 863.0 90.0 26.94 
475.0 0.0 0.0 228.0 0.0 932.0 594.0 365.0 41.93 
298.1 0.0 107.0 186.4 6.1 879.0 815.2 28.0 42.64 
307.0 0.0 0.0 193.0 0.0 968.0 812.0 180.0 34.49 
173.8 93.4 159.9 172.3 9.7 1007.2 746.6 28.0 37.81 
143.8 136.3 106.2 178.1 7.5 941.5 774.3 28.0 26.15 
152.7 144.7 0.0 178.1 8.0 999.7 822.2 28.0 19.01 
275.1 0.0 121.4 159.5 9.9 1053.6 777.5 3.0 23.8 
159.0 209.0 161.0 201.0 7.0 848.0 669.0 28.0 30.88 
146.5 114.6 89.3 201.9 8.8 860.0 829.5 28.0 19.99 
236.0 0.0 0.0 194.0 0.0 968.0 885.0 28.0 18.42 
192.0 288.0 0.0 192.0 0.0 929.8 716.1 90.0 50.73 
425.0 106.3 0.0 153.5 16.5 852.1 887.1 28.0 60.29 
380.0 0.0 0.0 228.0 0.0 932.0 670.0 90.0 52.91 
290.4 0.0 96.2 168.1 9.4 961.2 865.0 14.0 34.67 
475.0 118.8 0.0 181.1 8.9 852.1 781.5 28.0 68.3 
153.6 144.2 112.3 220.1 10.1 923.2 657.9 28.0 16.5 
313.3 262.2 0.0 175.5 8.6 1046.9 611.8 7.0 42.8 
424.0 22.0 132.0 178.0 8.5 822.0 750.0 56.0 65.7 
172.4 13.6 172.4 156.8 4.1 1006.3 856.4 100.0 37.68 
289.0 133.7 0.0 194.9 5.5 924.1 760.1 28.0 46.25 
446.0 24.0 79.0 162.0 11.6 967.0 712.0 28.0 57.03 
284.0 120.0 0.0 168.0 7.0 970.0 794.0 28.0 40.93 
122.6 183.9 0.0 203.5 0.0 958.2 800.1 3.0 3.32 
439.0 177.0 0.0 186.0 11.1 884.9 707.9 56.0 71.7 
446.0 24.0 79.0 162.0 11.6 967.0 712.0 28.0 44.42 
313.0 145.0 0.0 178.0 8.0 1002.0 689.0 28.0 41.05 
157.0 214.0 152.0 200.0 9.0 819.0 704.0 28.0 33.05 
178.0 129.8 118.6 179.9 3.6 1007.3 746.8 100.0 49.99 
266.0 114.0 0.0 228.0 0.0 932.0 670.0 28.0 45.85 
200.0 0.0 0.0 180.0 0.0 1125.0 845.0 28.0 12.25 
139.6 209.4 0.0 192.0 0.0 1047.0 806.9 3.0 8.06 
272.8 181.9 0.0 185.7 0.0 1012.4 714.3 28.0 31.38 
284.0 15.0 141.0 179.0 5.5 842.0 801.0 56.0 44.52 
387.0 20.0 94.0 157.0 13.9 938.0 845.0 56.0 47.97 
251.4 0.0 118.3 188.5 6.4 1028.4 757.7 28.0 32.66 
427.5 47.5 0.0 228.0 0.0 932.0 594.0 270.0 43.01 
393.0 0.0 0.0 192.0 0.0 940.0 758.0 28.0 39.58 
446.0 24.0 79.0 162.0 11.6 967.0 712.0 7.0 39.3 
393.0 0.0 0.0 192.0 0.0 940.6 785.6 3.0 19.2 
425.0 106.3 0.0 153.5 16.5 852.1 887.1 28.0 60.29 
167.4 129.9 128.6 175.5 7.8 1006.3 746.6 56.0 51.72 
349.0 0.0 0.0 192.0 0.0 1047.0 806.9 3.0 15.05 
305.3 203.5 0.0 203.5 0.0 965.4 631.0 7.0 25.89 
277.2 97.8 24.5 160.7 11.2 1061.7 782.5 28.0 63.14 
287.3 120.5 93.9 187.6 9.2 904.4 695.9 28.0 43.8 
213.5 0.0 174.2 154.6 11.7 1052.3 775.5 3.0 17.37 
427.5 47.5 0.0 228.0 0.0 932.0 594.0 180.0 41.84 
339.0 0.0 0.0 197.0 0.0 968.0 781.0 7.0 20.97 
295.8 0.0 0.0 185.7 0.0 1091.4 769.3 7.0 14.84 
172.4 13.6 172.4 156.8 4.1 1006.3 856.4 3.0 21.29 
295.8 0.0 0.0 185.7 0.0 1091.4 769.3 28.0 25.22 
359.0 19.0 141.0 154.0 10.9 942.0 801.0 3.0 25.12 
173.5 50.1 173.5 164.8 6.5 1006.2 793.5 56.0 53.77 
252.3 0.0 98.8 146.3 14.2 987.8 889.0 28.0 50.6 
304.0 76.0 0.0 228.0 0.0 932.0 670.0 180.0 50.95 
362.6 189.0 0.0 164.9 11.6 944.7 755.8 7.0 55.9 
173.5 50.1 173.5 164.8 6.5 1006.2 793.5 14.0 33.01 
158.8 238.2 0.0 185.7 0.0 1040.6 734.3 28.0 21.07 
312.9 160.5 0.0 177.6 9.6 916.6 759.5 28.0 52.45 
295.7 0.0 95.6 171.5 8.9 955.1 859.2 14.0 35.23 
362.6 189.0 0.0 164.9 11.6 944.7 755.8 28.0 71.3 
212.6 0.0 100.4 159.4 10.4 1003.8 903.8 56.0 44.4 
342.0 38.0 0.0 228.0 0.0 932.0 670.0 365.0 56.14 
190.7 0.0 125.4 162.1 7.8 1090.0 804.0 14.0 21.06 
525.0 0.0 0.0 189.0 0.0 1125.0 613.0 28.0 55.94 
277.1 0.0 97.4 160.6 11.8 973.9 875.6 100.0 55.64 
148.1 0.0 136.6 158.1 16.1 1001.8 830.1 28.0 17.96 
202.0 11.0 141.0 206.0 1.7 942.0 801.0 3.0 9.85 
213.5 0.0 174.2 154.6 11.7 1052.3 775.5 28.0 45.94 
387.0 20.0 94.0 157.0 14.3 938.0 845.0 56.0 56.34 
246.8 0.0 125.1 143.3 12.0 1086.8 800.9 56.0 60.32 
178.0 129.8 118.6 179.9 3.6 1007.3 746.8 28.0 39.16 
155.0 184.0 143.0 194.0 9.0 880.0 699.0 28.0 28.99 
540.0 0.0 0.0 173.0 0.0 1125.0 613.0 28.0 67.31 
310.0 0.0 0.0 192.0 0.0 970.0 850.0 360.0 38.11 
424.0 22.0 132.0 178.0 8.5 822.0 750.0 7.0 39.0 
475.0 0.0 0.0 228.0 0.0 932.0 594.0 28.0 39.29 
145.7 172.6 0.0 181.9 3.4 985.8 816.8 28.0 23.74 
198.6 132.4 0.0 192.0 0.0 978.4 825.5 3.0 9.13 
284.0 119.7 0.0 168.3 7.2 970.4 794.2 28.0 40.93 
500.0 0.0 0.0 200.0 0.0 1125.0 613.0 1.0 12.64 
132.0 206.5 160.9 178.9 5.5 866.9 735.6 28.0 33.31 
153.0 102.0 0.0 192.0 0.0 888.0 943.1 90.0 26.32 
425.0 106.3 0.0 153.5 16.5 852.1 887.1 3.0 33.4 
173.5 50.1 173.5 164.8 6.5 1006.2 793.5 28.0 38.2 
330.5 169.6 0.0 194.9 8.1 811.0 802.3 28.0 56.62 
425.0 106.3 0.0 151.4 18.6 936.0 803.7 3.0 36.3 
303.6 139.9 0.0 213.5 6.2 895.5 722.5 28.0 33.42 
424.0 22.0 132.0 178.0 8.5 822.0 750.0 28.0 62.05 
540.0 0.0 0.0 173.0 0.0 1125.0 613.0 14.0 59.76 
500.0 0.0 0.0 200.0 0.0 1125.0 613.0 7.0 33.21 
531.3 0.0 0.0 141.8 28.2 852.1 893.7 91.0 59.2 
167.0 75.4 167.0 164.0 7.9 1007.3 770.1 100.0 56.81 
277.0 116.8 91.0 190.6 7.0 946.5 665.6 28.0 43.58 
349.0 0.0 0.0 192.0 0.0 1056.0 809.0 90.0 40.66 
141.3 212.0 0.0 203.5 0.0 971.8 748.5 7.0 10.39 
265.0 111.0 86.0 195.0 6.0 833.0 790.0 28.0 41.54 
331.0 0.0 0.0 192.0 0.0 978.0 825.0 180.0 39.0 
362.6 189.0 0.0 164.9 11.6 944.7 755.8 3.0 35.3 
297.2 0.0 117.5 174.8 9.5 1022.8 753.5 28.0 47.4 
284.0 15.0 141.0 179.0 5.5 842.0 801.0 7.0 24.13 
167.4 129.9 128.6 175.5 7.8 1006.3 746.6 100.0 53.66 
491.0 26.0 123.0 210.0 3.9 882.0 699.0 7.0 33.49 
146.0 173.0 0.0 182.0 3.0 986.0 817.0 28.0 23.74 
318.8 212.5 0.0 155.7 14.3 852.1 880.4 91.0 68.1 
236.0 157.0 0.0 192.0 0.0 972.6 749.1 7.0 20.42 
167.4 129.9 128.6 175.5 7.8 1006.3 746.6 14.0 31.81 
359.0 19.0 141.0 154.0 10.9 942.0 801.0 7.0 38.61 
168.0 42.1 163.8 121.8 5.7 1058.7 780.1 56.0 32.85 
139.9 132.6 103.3 200.3 7.4 916.0 753.4 28.0 36.44 
331.0 0.0 0.0 192.0 0.0 978.0 825.0 7.0 16.26 
380.0 95.0 0.0 228.0 0.0 932.0 594.0 270.0 41.15 
190.7 0.0 125.4 162.1 7.8 1090.0 804.0 28.0 26.4 
277.0 117.0 91.0 191.0 7.0 946.0 666.0 28.0 43.57 
116.0 173.0 0.0 192.0 0.0 909.8 891.9 28.0 22.35 
237.5 237.5 0.0 228.0 0.0 932.0 594.0 365.0 39.0 
151.8 178.1 138.7 167.5 18.3 944.0 694.6 28.0 36.35 
251.4 0.0 118.3 188.5 6.4 1028.4 757.7 56.0 36.64 
332.5 142.5 0.0 228.0 0.0 932.0 594.0 28.0 33.02 
385.0 0.0 0.0 186.0 0.0 966.0 763.0 14.0 27.92 
194.7 0.0 100.5 165.6 7.5 1006.4 905.9 3.0 12.45 
350.0 0.0 0.0 203.0 0.0 974.0 775.0 56.0 29.98 
374.0 189.2 0.0 170.1 10.1 926.1 756.7 28.0 61.09 
525.0 0.0 0.0 189.0 0.0 1125.0 613.0 270.0 67.11 
255.0 0.0 0.0 192.0 0.0 889.8 945.0 28.0 18.75 
374.0 0.0 0.0 190.0 7.0 1013.0 730.0 28.0 39.05 
165.0 128.5 132.1 175.1 8.1 1005.8 746.6 56.0 53.72 
336.0 0.0 0.0 182.0 3.0 986.0 817.0 28.0 44.86 
439.0 177.0 0.0 186.0 11.1 884.9 707.9 3.0 39.3 
480.0 0.0 0.0 192.0 0.0 936.0 721.0 3.0 24.39 
313.3 262.2 0.0 175.5 8.6 1046.9 611.8 28.0 59.8 
359.0 19.0 141.0 154.0 10.9 942.0 801.0 7.0 35.75 
213.5 0.0 174.2 154.6 11.7 1052.3 775.5 56.0 51.43 
362.6 189.0 0.0 164.9 11.6 944.7 755.8 56.0 77.3 
480.0 0.0 0.0 192.0 0.0 936.2 712.2 90.0 54.32 
288.0 192.0 0.0 192.0 0.0 932.0 717.8 3.0 16.11 
178.0 129.8 118.6 179.9 3.6 1007.3 746.8 14.0 34.24 
310.0 0.0 0.0 192.0 0.0 1012.0 830.0 120.0 38.7 
295.7 0.0 95.6 171.5 8.9 955.1 859.2 100.0 52.04 
387.0 20.0 94.0 157.0 13.9 938.0 845.0 28.0 46.68 
288.0 121.0 0.0 177.0 7.0 908.0 829.0 28.0 42.13 
154.8 183.4 0.0 193.3 9.1 1047.4 696.7 28.0 18.29 
323.7 282.8 0.0 183.8 10.3 942.7 659.9 7.0 49.8 
446.0 24.0 79.0 162.0 11.6 967.0 712.0 3.0 35.36 
213.5 0.0 174.2 159.2 11.7 1043.6 771.9 28.0 44.64 
167.0 75.4 167.0 164.0 7.9 1007.3 770.1 28.0 41.41 
213.7 98.1 24.5 181.7 6.9 1065.8 785.4 3.0 18.0 
316.1 210.7 0.0 185.7 0.0 977.0 689.3 28.0 38.7 
251.8 0.0 99.9 146.1 12.4 1006.0 899.8 14.0 33.36 
313.8 0.0 112.6 169.9 10.1 925.3 782.9 28.0 38.46 
162.0 190.0 148.0 179.0 19.0 838.0 741.0 28.0 33.76 
262.0 111.0 86.0 195.0 5.0 895.0 733.0 28.0 33.72 
108.3 162.4 0.0 203.5 0.0 938.2 849.0 7.0 7.72 
200.0 133.0 0.0 192.0 0.0 965.4 806.2 90.0 43.25 
181.9 272.8 0.0 185.7 0.0 1012.4 714.3 7.0 12.37 
231.8 0.0 121.6 174.0 6.7 1056.4 778.5 100.0 45.84 
222.4 0.0 96.7 189.3 4.5 967.1 870.3 56.0 29.45 
133.0 200.0 0.0 192.0 0.0 927.4 839.2 90.0 36.59 
213.7 98.1 24.5 181.7 6.9 1065.8 785.4 56.0 50.77 
325.0 0.0 0.0 184.0 0.0 1063.0 783.0 7.0 17.54 
321.0 164.0 0.0 190.0 5.0 870.0 774.0 28.0 57.21 
252.0 0.0 0.0 186.0 0.0 1111.0 784.0 7.0 11.47 
194.7 0.0 100.5 170.2 7.5 998.0 901.8 28.0 37.27 
190.0 190.0 0.0 228.0 0.0 932.0 670.0 365.0 53.69 
193.5 290.2 0.0 185.7 0.0 998.2 704.3 28.0 32.63 
349.0 0.0 0.0 192.0 0.0 1047.0 806.0 7.0 18.13 
387.0 20.0 94.0 157.0 11.6 938.0 845.0 56.0 61.46 
192.0 288.0 0.0 192.0 0.0 929.8 716.1 28.0 39.32 
249.1 0.0 98.8 158.1 12.8 987.8 889.0 14.0 28.68 
491.0 26.0 123.0 210.0 3.9 882.0 699.0 56.0 59.59 
302.0 0.0 0.0 203.0 0.0 974.0 817.0 28.0 21.75 
251.4 0.0 118.3 192.9 5.8 1043.6 754.3 56.0 39.27 
376.0 0.0 0.0 214.6 0.0 1003.5 762.4 56.0 36.3 
218.9 0.0 124.1 158.5 11.3 1078.7 794.9 3.0 15.34 
425.0 106.3 0.0 151.4 18.6 936.0 803.7 56.0 64.9 
332.5 142.5 0.0 228.0 0.0 932.0 594.0 7.0 30.28 
382.0 0.0 0.0 186.0 0.0 1047.0 739.0 7.0 24.0 
214.9 53.8 121.9 155.6 9.6 1014.3 780.6 3.0 18.02 
337.9 189.0 0.0 174.9 9.5 944.7 755.8 7.0 35.1 
266.2 112.3 87.5 177.9 10.4 909.7 744.5 28.0 39.42 
212.1 0.0 121.6 180.3 5.7 1057.6 779.3 14.0 20.92 
250.0 0.0 95.7 191.8 5.3 948.9 857.2 56.0 39.64 
202.0 11.0 141.0 206.0 1.7 942.0 801.0 7.0 15.07 
238.1 0.0 94.1 186.7 7.0 949.9 847.0 56.0 39.59 
192.0 288.0 0.0 192.0 0.0 929.8 716.1 7.0 21.48 
222.4 0.0 96.7 189.3 4.5 967.1 870.3 3.0 11.58 
525.0 0.0 0.0 189.0 0.0 1125.0 613.0 14.0 48.4 
194.7 0.0 100.5 170.2 7.5 998.0 901.8 100.0 44.28 
313.3 262.2 0.0 175.5 8.6 1046.9 611.8 3.0 28.8 
166.0 259.7 0.0 183.2 12.7 858.8 826.8 28.0 37.92 
275.0 0.0 0.0 183.0 0.0 1088.0 808.0 28.0 24.5 
182.0 45.2 122.0 170.2 8.2 1059.4 780.7 28.0 31.27 
165.0 0.0 143.6 163.8 0.0 1005.6 900.9 14.0 16.88 
475.0 118.8 0.0 181.1 8.9 852.1 781.5 91.0 74.19 
540.0 0.0 0.0 173.0 0.0 1125.0 613.0 90.0 69.66 
298.0 0.0 107.0 164.0 13.0 953.0 784.0 28.0 35.86 
182.0 45.2 122.0 170.2 8.2 1059.4 780.7 100.0 48.67 
424.0 22.0 132.0 178.0 8.5 882.0 750.0 3.0 32.01 
190.3 0.0 125.2 166.6 9.9 1079.0 798.9 3.0 12.55 
331.0 0.0 0.0 192.0 0.0 1025.0 821.0 120.0 39.38 
314.0 145.3 113.2 178.9 8.0 869.1 690.2 28.0 46.23 
380.0 95.0 0.0 228.0 0.0 932.0 594.0 28.0 36.45 
145.0 116.0 119.0 184.0 5.7 833.0 880.0 28.0 29.16 
150.9 0.0 183.9 166.6 11.6 991.2 772.2 28.0 15.57 
425.0 106.3 0.0 151.4 18.6 936.0 803.7 7.0 46.8 
149.0 153.0 194.0 192.0 8.0 935.0 623.0 28.0 24.58 
237.5 237.5 0.0 228.0 0.0 932.0 594.0 7.0 26.26 
298.0 0.0 107.0 186.0 6.0 879.0 815.0 28.0 42.64 
349.0 0.0 0.0 192.0 0.0 1056.0 809.0 28.0 33.61 
387.0 20.0 94.0 157.0 11.6 938.0 845.0 28.0 46.68 
299.8 0.0 119.8 211.5 9.9 878.2 727.6 28.0 23.84 
266.0 114.0 0.0 228.0 0.0 932.0 670.0 180.0 48.7 
380.0 95.0 0.0 228.0 0.0 932.0 594.0 90.0 40.56 
387.0 20.0 94.0 157.0 14.3 938.0 845.0 28.0 50.24 
251.4 0.0 118.3 188.5 5.8 1028.4 757.7 28.0 29.65 
397.0 17.2 158.0 167.0 20.8 967.0 633.0 28.0 55.65 
424.0 22.0 132.0 168.0 8.9 822.0 750.0 56.0 74.36 
122.6 183.9 0.0 203.5 0.0 958.2 800.1 7.0 10.35 
356.0 119.0 0.0 160.0 9.0 1061.0 657.0 28.0 59.0 
359.0 19.0 141.0 154.0 10.9 942.0 801.0 3.0 23.64 
326.0 166.0 0.0 174.0 9.0 882.0 790.0 28.0 61.23 
165.0 0.0 143.6 163.8 0.0 1005.6 900.9 28.0 26.2 
210.7 316.1 0.0 185.7 0.0 977.0 689.3 7.0 21.82 
475.0 0.0 0.0 162.0 9.5 1044.0 662.0 28.0 58.52 
277.1 0.0 97.4 160.6 11.8 973.9 875.6 56.0 51.04 
212.6 0.0 100.4 159.4 10.4 1003.8 903.8 14.0 25.37 
252.0 0.0 0.0 185.0 0.0 1111.0 784.0 7.0 13.71 
233.8 0.0 94.6 197.9 4.6 947.0 852.2 14.0 22.14 
168.0 42.1 163.8 121.8 5.7 1058.7 780.1 100.0 39.23 
350.0 0.0 0.0 203.0 0.0 974.0 775.0 28.0 27.34 
331.0 0.0 0.0 192.0 0.0 879.0 825.0 3.0 13.52 
339.0 0.0 0.0 197.0 0.0 968.0 781.0 14.0 27.04 
349.0 0.0 0.0 192.0 0.0 1047.0 806.0 3.0 14.99 
178.0 129.8 118.6 179.9 3.6 1007.3 746.8 56.0 48.59 
382.0 0.0 0.0 185.0 0.0 1047.0 739.0 7.0 24.0 
331.0 0.0 0.0 192.0 0.0 978.0 825.0 3.0 13.52 
212.0 0.0 124.8 159.0 7.8 1085.4 799.5 100.0 47.82 
275.0 180.0 120.0 162.0 10.4 830.0 765.0 28.0 76.24 
213.8 98.1 24.5 181.7 6.7 1066.0 785.5 56.0 47.13 
141.9 166.6 129.7 173.5 10.9 882.6 785.3 28.0 44.61 
296.0 0.0 107.0 221.0 11.0 819.0 778.0 28.0 31.42 
139.6 209.4 0.0 192.0 0.0 1047.0 806.9 7.0 14.59 
133.0 200.0 0.0 192.0 0.0 927.4 839.2 3.0 6.88 
229.7 0.0 118.2 195.2 6.1 1028.1 757.6 100.0 40.86 
246.8 0.0 125.1 143.3 12.0 1086.8 800.9 14.0 42.22 
168.9 42.2 124.3 158.3 10.8 1080.8 796.2 100.0 48.15 
228.0 342.1 0.0 185.7 0.0 955.8 674.3 7.0 21.92 
